  0.1004E+00  0.7133E-01
  0.2008E+00  0.6797E-01
  0.3010E+00  0.6257E-01
  0.4011E+00  0.5530E-01
  0.5010E+00  0.4636E-01
  0.6008E+00  0.3604E-01
  0.7005E+00  0.2467E-01
  0.8001E+00  0.1259E-01
  0.9096E+00 -0.1057E-02
  0.1009E+01 -0.1338E-01
  0.1109E+01 -0.2523E-01
  0.1208E+01 -0.3626E-01
  0.1308E+01 -0.4614E-01
  0.1408E+01 -0.5458E-01
  0.1508E+01 -0.6133E-01
  0.1608E+01 -0.6618E-01
  0.1709E+01 -0.6899E-01
  0.1809E+01 -0.6966E-01
  0.1910E+01 -0.6817E-01
  0.2010E+01 -0.6457E-01
  0.2100E+01 -0.5961E-01
  0.2200E+01 -0.5237E-01
  0.2310E+01 -0.4253E-01
  0.2410E+01 -0.3219E-01
  0.2509E+01 -0.2084E-01
  0.2609E+01 -0.8811E-02
  0.2708E+01  0.3523E-02
  0.2808E+01  0.1579E-01
  0.2908E+01  0.2762E-01
  0.3007E+01  0.3864E-01
  0.3107E+01  0.4853E-01
  0.3207E+01  0.5696E-01
  0.3307E+01  0.6368E-01
  0.3407E+01  0.6847E-01
  0.3508E+01  0.7117E-01
  0.3608E+01  0.7170E-01
  0.3708E+01  0.7004E-01
  0.3809E+01  0.6625E-01
  0.3909E+01  0.6046E-01
  0.4009E+01  0.5285E-01
  0.4109E+01  0.4365E-01
  0.4208E+01  0.3317E-01
  0.4308E+01  0.2171E-01
  0.4408E+01  0.9625E-02
  0.4507E+01 -0.2717E-02
  0.4607E+01 -0.1494E-01
  0.4706E+01 -0.2669E-01
  0.4806E+01 -0.3759E-01
  0.4906E+01 -0.4732E-01
  0.5006E+01 -0.5559E-01
  0.5106E+01 -0.6212E-01
  0.5206E+01 -0.6671E-01
  0.5306E+01 -0.6922E-01
  0.5407E+01 -0.6957E-01
  0.5507E+01 -0.6773E-01
  0.5608E+01 -0.6377E-01
  0.5708E+01 -0.5784E-01
  0.5808E+01 -0.5011E-01
  0.5908E+01 -0.4082E-01
  0.6007E+01 -0.3028E-01
  0.6107E+01 -0.1879E-01
  0.6207E+01 -0.6713E-02
  0.6306E+01  0.5595E-02
  0.6406E+01  0.1776E-01
  0.6506E+01  0.2942E-01
  0.6605E+01  0.4022E-01
  0.6705E+01  0.4983E-01
  0.6805E+01  0.5796E-01
  0.6905E+01  0.6434E-01
  0.7006E+01  0.6878E-01
  0.7106E+01  0.7113E-01
  0.7206E+01  0.7130E-01
  0.7307E+01  0.6929E-01
  0.7407E+01  0.6518E-01
  0.7507E+01  0.5910E-01
  0.7607E+01  0.5124E-01
  0.7707E+01  0.4186E-01
  0.7807E+01  0.3125E-01
  0.7906E+01  0.1974E-01
  0.8006E+01  0.7667E-02
  0.8105E+01 -0.4587E-02
  0.8205E+01 -0.1666E-01
  0.8305E+01 -0.2819E-01
  0.8404E+01 -0.3884E-01
  0.8504E+01 -0.4828E-01
  0.8604E+01 -0.5623E-01
  0.8704E+01 -0.6244E-01
  0.8805E+01 -0.6672E-01
  0.8905E+01 -0.6893E-01
  0.9005E+01 -0.6899E-01
  0.9106E+01 -0.6689E-01
  0.9206E+01 -0.6271E-01
  0.9306E+01 -0.5658E-01
  0.9406E+01 -0.4868E-01
  0.9506E+01 -0.3925E-01
  0.9606E+01 -0.2859E-01
  0.9705E+01 -0.1703E-01
  0.9805E+01 -0.4901E-02
  0.9904E+01  0.7414E-02
  0.1000E+02  0.1954E-01
  0.1010E+02  0.3111E-01
  0.1020E+02  0.4176E-01
  0.1030E+02  0.5116E-01
  0.1040E+02  0.5901E-01
  0.1050E+02  0.6507E-01
  0.1060E+02  0.6915E-01
  0.1070E+02  0.7111E-01
  0.1080E+02  0.7089E-01
  0.1090E+02  0.6850E-01
  0.1100E+02  0.6404E-01
  0.1111E+02  0.5765E-01
  0.1121E+02  0.4954E-01
  0.1130E+02  0.3997E-01
  0.1140E+02  0.2924E-01
  0.1150E+02  0.1767E-01
  0.1160E+02  0.5615E-02
  0.1170E+02 -0.6572E-02
  0.1180E+02 -0.1853E-01
  0.1190E+02 -0.2989E-01
  0.1200E+02 -0.4032E-01
  0.1210E+02 -0.4951E-01
  0.1220E+02 -0.5717E-01
  0.1230E+02 -0.6306E-01
  0.1240E+02 -0.6700E-01
  0.1250E+02 -0.6885E-01
  0.1260E+02 -0.6854E-01
  0.1270E+02 -0.6609E-01
  0.1280E+02 -0.6158E-01
  0.1290E+02 -0.5516E-01
  0.1300E+02 -0.4702E-01
  0.1310E+02 -0.3742E-01
  0.1320E+02 -0.2666E-01
  0.1330E+02 -0.1506E-01
  0.1340E+02 -0.2973E-02
  0.1350E+02  0.9234E-02
  0.1360E+02  0.2119E-01
  0.1370E+02  0.3255E-01
  0.1380E+02  0.4294E-01
  0.1390E+02  0.5207E-01
  0.1400E+02  0.5964E-01
  0.1410E+02  0.6541E-01
  0.1420E+02  0.6921E-01
  0.1430E+02  0.7089E-01
  0.1440E+02  0.7040E-01
  0.1450E+02  0.6775E-01
  0.1460E+02  0.6305E-01
  0.1470E+02  0.5643E-01
  0.1480E+02  0.4812E-01
  0.1490E+02  0.3837E-01
  0.1500E+02  0.2748E-01
  0.1510E+02  0.1581E-01
  0.1520E+02  0.3694E-02
  0.1530E+02 -0.8485E-02
  0.1540E+02 -0.2036E-01
  0.1550E+02 -0.3158E-01
  0.1560E+02 -0.4179E-01
  0.1570E+02 -0.5070E-01
  0.1580E+02 -0.5803E-01
  0.1590E+02 -0.6356E-01
  0.1600E+02 -0.6711E-01
  0.1610E+02 -0.6857E-01
  0.1620E+02 -0.6789E-01
  0.1630E+02 -0.6509E-01
  0.1640E+02 -0.6027E-01
  0.1650E+02 -0.5359E-01
  0.1660E+02 -0.4525E-01
  0.1670E+02 -0.3550E-01
  0.1680E+02 -0.2465E-01
  0.1690E+02 -0.1302E-01
  0.1700E+02 -0.9550E-03
  0.1710E+02  0.1117E-01
  0.1720E+02  0.2300E-01
  0.1730E+02  0.3417E-01
  0.1740E+02  0.4433E-01
  0.1751E+02  0.5399E-01
  0.1761E+02  0.6107E-01
  0.1770E+02  0.6588E-01
  0.1780E+02  0.6932E-01
  0.1790E+02  0.7063E-01
  0.1800E+02  0.6979E-01
  0.1810E+02  0.6681E-01
  0.1820E+02  0.6181E-01
  0.1830E+02  0.5495E-01
  0.1840E+02  0.4645E-01
  0.1850E+02  0.3657E-01
  0.1860E+02  0.2562E-01
  0.1870E+02  0.1393E-01
  0.1880E+02  0.1867E-02
  0.1890E+02 -0.1022E-01
  0.1900E+02 -0.2196E-01
  0.1911E+02 -0.3406E-01
  0.1921E+02 -0.4397E-01
  0.1931E+02 -0.5251E-01
  0.1941E+02 -0.5943E-01
  0.1951E+02 -0.6450E-01
  0.1960E+02 -0.6735E-01
  0.1970E+02 -0.6850E-01
  0.1980E+02 -0.6751E-01
  0.1990E+02 -0.6439E-01
  0.2000E+02 -0.5927E-01
  0.2010E+02 -0.5229E-01
  0.2020E+02 -0.4369E-01
  0.2030E+02 -0.3372E-01
  0.2040E+02 -0.2271E-01
  0.2050E+02 -0.1098E-01
  0.2060E+02  0.1113E-02
  0.2071E+02  0.1438E-01
  0.2081E+02  0.2602E-01
  0.2091E+02  0.3689E-01
  0.2101E+02  0.4665E-01
  0.2111E+02  0.5502E-01
  0.2121E+02  0.6173E-01
  0.2131E+02  0.6657E-01
  0.2141E+02  0.6940E-01
  0.2151E+02  0.7011E-01
  0.2160E+02  0.6894E-01
  0.2170E+02  0.6565E-01
  0.2180E+02  0.6039E-01
  0.2190E+02  0.5331E-01
  0.2200E+02  0.4464E-01
  0.2210E+02  0.3465E-01
  0.2220E+02  0.2364E-01
  0.2231E+02  0.1075E-01
  0.2241E+02 -0.1288E-02
  0.2251E+02 -0.1326E-01
  0.2261E+02 -0.2480E-01
  0.2271E+02 -0.3557E-01
  0.2281E+02 -0.4522E-01
  0.2291E+02 -0.5348E-01
  0.2301E+02 -0.6007E-01
  0.2311E+02 -0.6479E-01
  0.2321E+02 -0.6749E-01
  0.2331E+02 -0.6807E-01
  0.2341E+02 -0.6652E-01
  0.2351E+02 -0.6290E-01
  0.2360E+02 -0.5795E-01
  0.2370E+02 -0.5075E-01
  0.2380E+02 -0.4198E-01
  0.2391E+02 -0.3083E-01
  0.2401E+02 -0.1967E-01
  0.2411E+02 -0.7885E-02
  0.2421E+02  0.4174E-02
  0.2431E+02  0.1614E-01
  0.2441E+02  0.2765E-01
  0.2451E+02  0.3836E-01
  0.2461E+02  0.4794E-01
  0.2471E+02  0.5608E-01
  0.2481E+02  0.6254E-01
  0.2491E+02  0.6710E-01
  0.2501E+02  0.6961E-01
  0.2511E+02  0.6998E-01
  0.2521E+02  0.6822E-01
  0.2531E+02  0.6438E-01
  0.2541E+02  0.5859E-01
  0.2551E+02  0.5104E-01
  0.2561E+02  0.4197E-01
  0.2571E+02  0.3167E-01
  0.2581E+02  0.2046E-01
  0.2591E+02  0.8670E-02
  0.2601E+02 -0.3330E-02
  0.2611E+02 -0.1519E-01
  0.2621E+02 -0.2654E-01
  0.2631E+02 -0.3706E-01
  0.2641E+02 -0.4643E-01
  0.2651E+02 -0.5436E-01
  0.2661E+02 -0.6060E-01
  0.2671E+02 -0.6497E-01
  0.2681E+02 -0.6732E-01
  0.2691E+02 -0.6756E-01
  0.2701E+02 -0.6569E-01
  0.2711E+02 -0.6178E-01
  0.2721E+02 -0.5594E-01
  0.2731E+02 -0.4836E-01
  0.2741E+02 -0.3928E-01
  0.2751E+02 -0.2896E-01
  0.2761E+02 -0.1773E-01
  0.2771E+02 -0.5933E-02
  0.2781E+02  0.6083E-02
  0.2791E+02  0.1795E-01
  0.2801E+02  0.2931E-01
  0.2811E+02  0.3980E-01
  0.2821E+02  0.4911E-01
  0.2831E+02  0.5694E-01
  0.2841E+02  0.6306E-01
  0.2851E+02  0.6726E-01
  0.2861E+02  0.6941E-01
  0.2871E+02  0.6944E-01
  0.2881E+02  0.6735E-01
  0.2891E+02  0.6322E-01
  0.2901E+02  0.5719E-01
  0.2911E+02  0.4944E-01
  0.2921E+02  0.4022E-01
  0.2931E+02  0.2981E-01
  0.2941E+02  0.1854E-01
  0.2951E+02  0.6733E-02
  0.2961E+02 -0.5242E-02
  0.2971E+02 -0.1703E-01
  0.2981E+02 -0.2827E-01
  0.2991E+02 -0.3862E-01
  0.3001E+02 -0.4777E-01
  0.3011E+02 -0.5543E-01
  0.3021E+02 -0.6137E-01
  0.3031E+02 -0.6539E-01
  0.3041E+02 -0.6737E-01
  0.3051E+02 -0.6722E-01
  0.3061E+02 -0.6497E-01
  0.3071E+02 -0.6069E-01
  0.3081E+02 -0.5452E-01
  0.3091E+02 -0.4667E-01
  0.3101E+02 -0.3737E-01
  0.3111E+02 -0.2691E-01
  0.3121E+02 -0.1562E-01
  0.3131E+02 -0.3835E-02
  0.3141E+02  0.8091E-02
  0.3151E+02  0.1980E-01
  0.3161E+02  0.3094E-01
  0.3171E+02  0.4117E-01
  0.3181E+02  0.5019E-01
  0.3191E+02  0.5771E-01
  0.3201E+02  0.6351E-01
  0.3211E+02  0.6738E-01
  0.3221E+02  0.6921E-01
  0.3231E+02  0.6892E-01
  0.3241E+02  0.6654E-01
  0.3251E+02  0.6214E-01
  0.3261E+02  0.5586E-01
  0.3271E+02  0.4789E-01
  0.3281E+02  0.3850E-01
  0.3291E+02  0.2796E-01
  0.3301E+02  0.1662E-01
  0.3311E+02  0.4801E-02
  0.3321E+02 -0.7121E-02
  0.3331E+02 -0.1879E-01
  0.3341E+02 -0.2985E-01
  0.3351E+02 -0.3997E-01
  0.3361E+02 -0.4884E-01
  0.3371E+02 -0.5620E-01
  0.3381E+02 -0.6180E-01
  0.3391E+02 -0.6548E-01
  0.3401E+02 -0.6711E-01
  0.3411E+02 -0.6663E-01
  0.3421E+02 -0.6408E-01
  0.3431E+02 -0.5952E-01
  0.3441E+02 -0.5311E-01
  0.3451E+02 -0.4506E-01
  0.3461E+02 -0.3560E-01
  0.3471E+02 -0.2502E-01
  0.3481E+02 -0.1366E-01
  0.3491E+02 -0.1848E-02
  0.3501E+02  0.1005E-01
  0.3511E+02  0.2168E-01
  0.3520E+02  0.3268E-01
  0.3530E+02  0.4271E-01
  0.3540E+02  0.5147E-01
  0.3550E+02  0.5868E-01
  0.3560E+02  0.6412E-01
  0.3571E+02  0.6761E-01
  0.3581E+02  0.6903E-01
  0.3591E+02  0.6835E-01
  0.3601E+02  0.6559E-01
  0.3611E+02  0.6084E-01
  0.3621E+02  0.5428E-01
  0.3631E+02  0.4609E-01
  0.3641E+02  0.3654E-01
  0.3651E+02  0.2592E-01
  0.3661E+02  0.1456E-01
  0.3671E+02  0.2786E-02
  0.3681E+02 -0.9036E-02
  0.3690E+02 -0.2055E-01
  0.3700E+02 -0.3143E-01
  0.3710E+02 -0.4132E-01
  0.3720E+02 -0.4994E-01
  0.3730E+02 -0.5701E-01
  0.3740E+02 -0.6231E-01
  0.3751E+02 -0.6566E-01
  0.3761E+02 -0.6696E-01
  0.3771E+02 -0.6615E-01
  0.3781E+02 -0.6326E-01
  0.3791E+02 -0.5840E-01
  0.3801E+02 -0.5172E-01
  0.3811E+02 -0.4343E-01
  0.3821E+02 -0.3379E-01
  0.3831E+02 -0.2310E-01
  0.3841E+02 -0.1167E-01
  0.3851E+02  0.1296E-03
  0.3860E+02  0.1196E-01
  0.3870E+02  0.2345E-01
  0.3880E+02  0.3425E-01
  0.3890E+02  0.4404E-01
  0.3900E+02  0.5251E-01
  0.3910E+02  0.5940E-01
  0.3920E+02  0.6451E-01
  0.3930E+02  0.6765E-01
  0.3941E+02  0.6873E-01
  0.3951E+02  0.6773E-01
  0.3961E+02  0.6466E-01
  0.3971E+02  0.5964E-01
  0.3981E+02  0.5282E-01
  0.3991E+02  0.4442E-01
  0.4001E+02  0.3469E-01
  0.4011E+02  0.2395E-01
  0.4021E+02  0.1252E-01
  0.4030E+02  0.7379E-03
  0.4040E+02 -0.1103E-01
  0.4050E+02 -0.2242E-01
  0.4060E+02 -0.3309E-01
  0.4070E+02 -0.4273E-01
  0.4080E+02 -0.5104E-01
  0.4090E+02 -0.5775E-01
  0.4100E+02 -0.6266E-01
  0.4110E+02 -0.6562E-01
  0.4120E+02 -0.6653E-01
  0.4131E+02 -0.6535E-01
  0.4141E+02 -0.6214E-01
  0.4151E+02 -0.5699E-01
  0.4161E+02 -0.5008E-01
  0.4171E+02 -0.4162E-01
  0.4181E+02 -0.3186E-01
  0.4191E+02 -0.2111E-01
  0.4200E+02 -0.9685E-02
  0.4210E+02  0.2067E-02
  0.4220E+02  0.1379E-01
  0.4230E+02  0.2514E-01
  0.4240E+02  0.3576E-01
  0.4250E+02  0.4534E-01
  0.4260E+02  0.5356E-01
  0.4270E+02  0.6018E-01
  0.4280E+02  0.6498E-01
  0.4290E+02  0.6779E-01
  0.4300E+02  0.6854E-01
  0.4311E+02  0.6719E-01
  0.4321E+02  0.6379E-01
  0.4331E+02  0.5845E-01
  0.4341E+02  0.5136E-01
  0.4351E+02  0.4273E-01
  0.4361E+02  0.3284E-01
  0.4371E+02  0.2199E-01
  0.4380E+02  0.1051E-01
  0.4390E+02 -0.1241E-02
  0.4400E+02 -0.1291E-01
  0.4410E+02 -0.2416E-01
  0.4420E+02 -0.3464E-01
  0.4430E+02 -0.4404E-01
  0.4440E+02 -0.5207E-01
  0.4450E+02 -0.5848E-01
  0.4460E+02 -0.6307E-01
  0.4470E+02 -0.6569E-01
  0.4480E+02 -0.6625E-01
  0.4491E+02 -0.6473E-01
  0.4501E+02 -0.6119E-01
  0.4511E+02 -0.5574E-01
  0.4521E+02 -0.4856E-01
  0.4531E+02 -0.3988E-01
  0.4541E+02 -0.2995E-01
  0.4550E+02 -0.1908E-01
  0.4560E+02 -0.7603E-02
  0.4570E+02  0.4131E-02
  0.4580E+02  0.1577E-01
  0.4590E+02  0.2695E-01
  0.4600E+02  0.3734E-01
  0.4610E+02  0.4662E-01
  0.4620E+02  0.5451E-01
  0.4630E+02  0.6076E-01
  0.4640E+02  0.6516E-01
  0.4650E+02  0.6759E-01
  0.4660E+02  0.6797E-01
  0.4670E+02  0.6628E-01
  0.4681E+02  0.6258E-01
  0.4691E+02  0.5700E-01
  0.4701E+02  0.4970E-01
  0.4711E+02  0.4092E-01
  0.4720E+02  0.3092E-01
  0.4730E+02  0.2002E-01
  0.4740E+02  0.8537E-02
  0.4750E+02 -0.3176E-02
  0.4760E+02 -0.1476E-01
  0.4770E+02 -0.2588E-01
  0.4780E+02 -0.3617E-01
  0.4790E+02 -0.4534E-01
  0.4800E+02 -0.5309E-01
  0.4810E+02 -0.5919E-01
  0.4820E+02 -0.6343E-01
  0.4830E+02 -0.6569E-01
  0.4840E+02 -0.6588E-01
  0.4850E+02 -0.6401E-01
  0.4860E+02 -0.6013E-01
  0.4871E+02 -0.5438E-01
  0.4881E+02 -0.4695E-01
  0.4890E+02 -0.3806E-01
  0.4900E+02 -0.2799E-01
  0.4910E+02 -0.1704E-01
  0.4920E+02 -0.5557E-02
  0.4930E+02  0.6124E-02
  0.4940E+02  0.1765E-01
  0.4950E+02  0.2867E-01
  0.4960E+02  0.3886E-01
  0.4970E+02  0.4789E-01
  0.4980E+02  0.5550E-01
  0.4990E+02  0.6144E-01
  0.5000E+02  0.6552E-01
