  0.1004E+00  0.9855E-01
  0.2008E+00  0.9415E-01
  0.3010E+00  0.8693E-01
  0.4011E+00  0.7714E-01
  0.5010E+00  0.6507E-01
  0.6008E+00  0.5111E-01
  0.7005E+00  0.3567E-01
  0.8001E+00  0.1922E-01
  0.9096E+00  0.5340E-03
  0.1009E+01 -0.1644E-01
  0.1109E+01 -0.3287E-01
  0.1208E+01 -0.4829E-01
  0.1308E+01 -0.6224E-01
  0.1408E+01 -0.7431E-01
  0.1508E+01 -0.8413E-01
  0.1608E+01 -0.9140E-01
  0.1709E+01 -0.9588E-01
  0.1809E+01 -0.9742E-01
  0.1910E+01 -0.9601E-01
  0.2010E+01 -0.9160E-01
  0.2100E+01 -0.8519E-01
  0.2200E+01 -0.7554E-01
  0.2310E+01 -0.6217E-01
  0.2410E+01 -0.4789E-01
  0.2509E+01 -0.3202E-01
  0.2609E+01 -0.1500E-01
  0.2708E+01  0.2641E-02
  0.2808E+01  0.2038E-01
  0.2908E+01  0.3766E-01
  0.3007E+01  0.5395E-01
  0.3107E+01  0.6870E-01
  0.3207E+01  0.8143E-01
  0.3307E+01  0.9171E-01
  0.3407E+01  0.9916E-01
  0.3508E+01  0.1035E+00
  0.3608E+01  0.1046E+00
  0.3708E+01  0.1024E+00
  0.3809E+01  0.9697E-01
  0.3909E+01  0.8847E-01
  0.4009E+01  0.7724E-01
  0.4109E+01  0.6365E-01
  0.4208E+01  0.4817E-01
  0.4308E+01  0.3130E-01
  0.4408E+01  0.1360E-01
  0.4507E+01 -0.4389E-02
  0.4607E+01 -0.2209E-01
  0.4706E+01 -0.3898E-01
  0.4806E+01 -0.5454E-01
  0.4906E+01 -0.6831E-01
  0.5006E+01 -0.7989E-01
  0.5106E+01 -0.8892E-01
  0.5206E+01 -0.9515E-01
  0.5306E+01 -0.9838E-01
  0.5407E+01 -0.9854E-01
  0.5507E+01 -0.9565E-01
  0.5608E+01 -0.8976E-01
  0.5708E+01 -0.8110E-01
  0.5808E+01 -0.6993E-01
  0.5908E+01 -0.5661E-01
  0.6007E+01 -0.4155E-01
  0.6107E+01 -0.2519E-01
  0.6207E+01 -0.8026E-02
  0.6306E+01  0.9430E-02
  0.6406E+01  0.2665E-01
  0.6506E+01  0.4311E-01
  0.6605E+01  0.5832E-01
  0.6705E+01  0.7179E-01
  0.6805E+01  0.8309E-01
  0.6905E+01  0.9187E-01
  0.7006E+01  0.9783E-01
  0.7106E+01  0.1008E+00
  0.7206E+01  0.1006E+00
  0.7307E+01  0.9742E-01
  0.7407E+01  0.9123E-01
  0.7507E+01  0.8230E-01
  0.7607E+01  0.7094E-01
  0.7707E+01  0.5755E-01
  0.7807E+01  0.4256E-01
  0.7906E+01  0.2643E-01
  0.8006E+01  0.9665E-02
  0.8105E+01 -0.7236E-02
  0.8205E+01 -0.2377E-01
  0.8305E+01 -0.3948E-01
  0.8404E+01 -0.5390E-01
  0.8504E+01 -0.6664E-01
  0.8604E+01 -0.7733E-01
  0.8704E+01 -0.8568E-01
  0.8805E+01 -0.9144E-01
  0.8905E+01 -0.9444E-01
  0.9005E+01 -0.9461E-01
  0.9106E+01 -0.9194E-01
  0.9206E+01 -0.8649E-01
  0.9306E+01 -0.7841E-01
  0.9406E+01 -0.6796E-01
  0.9506E+01 -0.5541E-01
  0.9606E+01 -0.4112E-01
  0.9705E+01 -0.2549E-01
  0.9805E+01 -0.8966E-02
  0.9904E+01  0.7989E-02
  0.1000E+02  0.2487E-01
  0.1010E+02  0.4118E-01
  0.1020E+02  0.5642E-01
  0.1030E+02  0.7010E-01
  0.1040E+02  0.8178E-01
  0.1050E+02  0.9106E-01
  0.1060E+02  0.9760E-01
  0.1070E+02  0.1012E+00
  0.1080E+02  0.1016E+00
  0.1090E+02  0.9890E-01
  0.1100E+02  0.9308E-01
  0.1111E+02  0.8437E-01
  0.1121E+02  0.7305E-01
  0.1130E+02  0.5949E-01
  0.1140E+02  0.4413E-01
  0.1150E+02  0.2746E-01
  0.1160E+02  0.1001E-01
  0.1170E+02 -0.7674E-02
  0.1180E+02 -0.2505E-01
  0.1190E+02 -0.4158E-01
  0.1200E+02 -0.5678E-01
  0.1210E+02 -0.7016E-01
  0.1220E+02 -0.8133E-01
  0.1230E+02 -0.8994E-01
  0.1240E+02 -0.9572E-01
  0.1250E+02 -0.9847E-01
  0.1260E+02 -0.9815E-01
  0.1270E+02 -0.9473E-01
  0.1280E+02 -0.8832E-01
  0.1290E+02 -0.7911E-01
  0.1300E+02 -0.6741E-01
  0.1310E+02 -0.5358E-01
  0.1320E+02 -0.3803E-01
  0.1330E+02 -0.2124E-01
  0.1340E+02 -0.3717E-02
  0.1350E+02  0.1400E-01
  0.1360E+02  0.3136E-01
  0.1370E+02  0.4782E-01
  0.1380E+02  0.6287E-01
  0.1390E+02  0.7602E-01
  0.1400E+02  0.8684E-01
  0.1410E+02  0.9496E-01
  0.1420E+02  0.1001E+00
  0.1430E+02  0.1021E+00
  0.1440E+02  0.1010E+00
  0.1450E+02  0.9668E-01
  0.1460E+02  0.8939E-01
  0.1470E+02  0.7941E-01
  0.1480E+02  0.6708E-01
  0.1490E+02  0.5282E-01
  0.1500E+02  0.3711E-01
  0.1510E+02  0.2045E-01
  0.1520E+02  0.3342E-02
  0.1530E+02 -0.1368E-01
  0.1540E+02 -0.3012E-01
  0.1550E+02 -0.4550E-01
  0.1560E+02 -0.5937E-01
  0.1570E+02 -0.7136E-01
  0.1580E+02 -0.8112E-01
  0.1590E+02 -0.8838E-01
  0.1600E+02 -0.9294E-01
  0.1610E+02 -0.9464E-01
  0.1620E+02 -0.9353E-01
  0.1630E+02 -0.8956E-01
  0.1640E+02 -0.8288E-01
  0.1650E+02 -0.7370E-01
  0.1660E+02 -0.6229E-01
  0.1670E+02 -0.4899E-01
  0.1680E+02 -0.3418E-01
  0.1690E+02 -0.1828E-01
  0.1700E+02 -0.1745E-02
  0.1710E+02  0.1494E-01
  0.1720E+02  0.3130E-01
  0.1730E+02  0.4683E-01
  0.1740E+02  0.6108E-01
  0.1751E+02  0.7472E-01
  0.1761E+02  0.8485E-01
  0.1770E+02  0.9182E-01
  0.1780E+02  0.9694E-01
  0.1790E+02  0.9910E-01
  0.1800E+02  0.9829E-01
  0.1810E+02  0.9444E-01
  0.1820E+02  0.8771E-01
  0.1830E+02  0.7832E-01
  0.1840E+02  0.6658E-01
  0.1850E+02  0.5287E-01
  0.1860E+02  0.3762E-01
  0.1870E+02  0.2129E-01
  0.1880E+02  0.4397E-02
  0.1890E+02 -0.1257E-01
  0.1900E+02 -0.2908E-01
  0.1911E+02 -0.4617E-01
  0.1921E+02 -0.6021E-01
  0.1931E+02 -0.7240E-01
  0.1941E+02 -0.8238E-01
  0.1951E+02 -0.8983E-01
  0.1960E+02 -0.9418E-01
  0.1970E+02 -0.9624E-01
  0.1980E+02 -0.9537E-01
  0.1990E+02 -0.9151E-01
  0.2000E+02 -0.8479E-01
  0.2010E+02 -0.7541E-01
  0.2020E+02 -0.6363E-01
  0.2030E+02 -0.4981E-01
  0.2040E+02 -0.3434E-01
  0.2050E+02 -0.1768E-01
  0.2060E+02 -0.3258E-03
  0.2071E+02  0.1893E-01
  0.2081E+02  0.3600E-01
  0.2091E+02  0.5210E-01
  0.2101E+02  0.6671E-01
  0.2111E+02  0.7933E-01
  0.2121E+02  0.8953E-01
  0.2131E+02  0.9696E-01
  0.2141E+02  0.1013E+00
  0.2151E+02  0.1025E+00
  0.2160E+02  0.1008E+00
  0.2170E+02  0.9587E-01
  0.2180E+02  0.8792E-01
  0.2190E+02  0.7725E-01
  0.2200E+02  0.6425E-01
  0.2210E+02  0.4935E-01
  0.2220E+02  0.3306E-01
  0.2231E+02  0.1416E-01
  0.2241E+02 -0.3332E-02
  0.2251E+02 -0.2054E-01
  0.2261E+02 -0.3695E-01
  0.2271E+02 -0.5207E-01
  0.2281E+02 -0.6547E-01
  0.2291E+02 -0.7676E-01
  0.2301E+02 -0.8560E-01
  0.2311E+02 -0.9176E-01
  0.2321E+02 -0.9504E-01
  0.2331E+02 -0.9538E-01
  0.2341E+02 -0.9282E-01
  0.2351E+02 -0.8738E-01
  0.2360E+02 -0.8020E-01
  0.2370E+02 -0.6991E-01
  0.2380E+02 -0.5751E-01
  0.2391E+02 -0.4186E-01
  0.2401E+02 -0.2627E-01
  0.2411E+02 -0.9853E-02
  0.2421E+02  0.6910E-02
  0.2431E+02  0.2352E-01
  0.2441E+02  0.3949E-01
  0.2451E+02  0.5434E-01
  0.2461E+02  0.6761E-01
  0.2471E+02  0.7888E-01
  0.2481E+02  0.8780E-01
  0.2491E+02  0.9408E-01
  0.2501E+02  0.9749E-01
  0.2511E+02  0.9795E-01
  0.2521E+02  0.9544E-01
  0.2531E+02  0.9003E-01
  0.2541E+02  0.8191E-01
  0.2551E+02  0.7136E-01
  0.2561E+02  0.5874E-01
  0.2571E+02  0.4443E-01
  0.2581E+02  0.2889E-01
  0.2591E+02  0.1260E-01
  0.2601E+02 -0.3973E-02
  0.2611E+02 -0.2033E-01
  0.2621E+02 -0.3599E-01
  0.2631E+02 -0.5051E-01
  0.2641E+02 -0.6348E-01
  0.2651E+02 -0.7451E-01
  0.2661E+02 -0.8328E-01
  0.2671E+02 -0.8952E-01
  0.2681E+02 -0.9304E-01
  0.2691E+02 -0.9373E-01
  0.2701E+02 -0.9160E-01
  0.2711E+02 -0.8664E-01
  0.2721E+02 -0.7901E-01
  0.2731E+02 -0.6893E-01
  0.2741E+02 -0.5668E-01
  0.2751E+02 -0.4262E-01
  0.2761E+02 -0.2715E-01
  0.2771E+02 -0.1071E-01
  0.2781E+02  0.6219E-02
  0.2791E+02  0.2312E-01
  0.2801E+02  0.3949E-01
  0.2811E+02  0.5481E-01
  0.2821E+02  0.6858E-01
  0.2831E+02  0.8035E-01
  0.2841E+02  0.8972E-01
  0.2851E+02  0.9634E-01
  0.2861E+02  0.9997E-01
  0.2871E+02  0.1005E+00
  0.2881E+02  0.9787E-01
  0.2891E+02  0.9215E-01
  0.2901E+02  0.8356E-01
  0.2911E+02  0.7238E-01
  0.2921E+02  0.5901E-01
  0.2931E+02  0.4387E-01
  0.2941E+02  0.2747E-01
  0.2951E+02  0.1032E-01
  0.2961E+02 -0.7040E-02
  0.2971E+02 -0.2407E-01
  0.2981E+02 -0.4025E-01
  0.2991E+02 -0.5510E-01
  0.3001E+02 -0.6818E-01
  0.3011E+02 -0.7908E-01
  0.3021E+02 -0.8748E-01
  0.3031E+02 -0.9313E-01
  0.3041E+02 -0.9585E-01
  0.3051E+02 -0.9558E-01
  0.3061E+02 -0.9233E-01
  0.3071E+02 -0.8618E-01
  0.3081E+02 -0.7734E-01
  0.3091E+02 -0.6608E-01
  0.3101E+02 -0.5276E-01
  0.3111E+02 -0.3778E-01
  0.3121E+02 -0.2158E-01
  0.3131E+02 -0.4666E-02
  0.3141E+02  0.1246E-01
  0.3151E+02  0.2927E-01
  0.3161E+02  0.4524E-01
  0.3171E+02  0.5988E-01
  0.3181E+02  0.7272E-01
  0.3191E+02  0.8334E-01
  0.3201E+02  0.9140E-01
  0.3211E+02  0.9662E-01
  0.3221E+02  0.9883E-01
  0.3231E+02  0.9800E-01
  0.3241E+02  0.9415E-01
  0.3251E+02  0.8740E-01
  0.3261E+02  0.7804E-01
  0.3271E+02  0.6638E-01
  0.3281E+02  0.5282E-01
  0.3291E+02  0.3780E-01
  0.3301E+02  0.2181E-01
  0.3311E+02  0.5317E-02
  0.3321E+02 -0.1117E-01
  0.3331E+02 -0.2716E-01
  0.3341E+02 -0.4221E-01
  0.3351E+02 -0.5589E-01
  0.3361E+02 -0.6781E-01
  0.3371E+02 -0.7764E-01
  0.3381E+02 -0.8510E-01
  0.3391E+02 -0.8997E-01
  0.3401E+02 -0.9212E-01
  0.3411E+02 -0.9152E-01
  0.3421E+02 -0.8815E-01
  0.3431E+02 -0.8211E-01
  0.3441E+02 -0.7359E-01
  0.3451E+02 -0.6283E-01
  0.3461E+02 -0.5014E-01
  0.3471E+02 -0.3587E-01
  0.3481E+02 -0.2043E-01
  0.3491E+02 -0.4248E-02
  0.3501E+02  0.1220E-01
  0.3511E+02  0.2842E-01
  0.3520E+02  0.4394E-01
  0.3530E+02  0.5828E-01
  0.3540E+02  0.7097E-01
  0.3550E+02  0.8161E-01
  0.3560E+02  0.8983E-01
  0.3571E+02  0.9534E-01
  0.3581E+02  0.9792E-01
  0.3591E+02  0.9751E-01
  0.3601E+02  0.9407E-01
  0.3611E+02  0.8771E-01
  0.3621E+02  0.7864E-01
  0.3631E+02  0.6718E-01
  0.3641E+02  0.5369E-01
  0.3651E+02  0.3861E-01
  0.3661E+02  0.2241E-01
  0.3671E+02  0.5593E-02
  0.3681E+02 -0.1132E-01
  0.3690E+02 -0.2781E-01
  0.3700E+02 -0.4338E-01
  0.3710E+02 -0.5758E-01
  0.3720E+02 -0.6997E-01
  0.3730E+02 -0.8018E-01
  0.3740E+02 -0.8789E-01
  0.3751E+02 -0.9286E-01
  0.3761E+02 -0.9491E-01
  0.3771E+02 -0.9405E-01
  0.3781E+02 -0.9023E-01
  0.3791E+02 -0.8358E-01
  0.3801E+02 -0.7429E-01
  0.3811E+02 -0.6266E-01
  0.3821E+02 -0.4903E-01
  0.3831E+02 -0.3381E-01
  0.3841E+02 -0.1745E-01
  0.3851E+02 -0.4423E-03
  0.3860E+02  0.1669E-01
  0.3870E+02  0.3341E-01
  0.3880E+02  0.4920E-01
  0.3890E+02  0.6356E-01
  0.3900E+02  0.7600E-01
  0.3910E+02  0.8613E-01
  0.3920E+02  0.9358E-01
  0.3930E+02  0.9809E-01
  0.3941E+02  0.9952E-01
  0.3951E+02  0.9786E-01
  0.3961E+02  0.9311E-01
  0.3971E+02  0.8548E-01
  0.3981E+02  0.7524E-01
  0.3991E+02  0.6277E-01
  0.4001E+02  0.4847E-01
  0.4011E+02  0.3283E-01
  0.4021E+02  0.1634E-01
  0.4030E+02 -0.4796E-03
  0.4040E+02 -0.1711E-01
  0.4050E+02 -0.3307E-01
  0.4060E+02 -0.4787E-01
  0.4070E+02 -0.6110E-01
  0.4080E+02 -0.7237E-01
  0.4090E+02 -0.8137E-01
  0.4100E+02 -0.8783E-01
  0.4110E+02 -0.9158E-01
  0.4120E+02 -0.9251E-01
  0.4131E+02 -0.9064E-01
  0.4141E+02 -0.8599E-01
  0.4151E+02 -0.7873E-01
  0.4161E+02 -0.6908E-01
  0.4171E+02 -0.5734E-01
  0.4181E+02 -0.4384E-01
  0.4191E+02 -0.2899E-01
  0.4200E+02 -0.1322E-01
  0.4210E+02  0.3028E-02
  0.4220E+02  0.1926E-01
  0.4230E+02  0.3501E-01
  0.4240E+02  0.4979E-01
  0.4250E+02  0.6316E-01
  0.4260E+02  0.7469E-01
  0.4270E+02  0.8402E-01
  0.4280E+02  0.9083E-01
  0.4290E+02  0.9489E-01
  0.4300E+02  0.9607E-01
  0.4311E+02  0.9434E-01
  0.4321E+02  0.8973E-01
  0.4331E+02  0.8240E-01
  0.4341E+02  0.7259E-01
  0.4351E+02  0.6064E-01
  0.4361E+02  0.4692E-01
  0.4371E+02  0.3186E-01
  0.4380E+02  0.1593E-01
  0.4390E+02 -0.4095E-03
  0.4400E+02 -0.1666E-01
  0.4410E+02 -0.3234E-01
  0.4420E+02 -0.4699E-01
  0.4430E+02 -0.6019E-01
  0.4440E+02 -0.7155E-01
  0.4450E+02 -0.8073E-01
  0.4460E+02 -0.8745E-01
  0.4470E+02 -0.9148E-01
  0.4480E+02 -0.9271E-01
  0.4491E+02 -0.9111E-01
  0.4501E+02 -0.8667E-01
  0.4511E+02 -0.7954E-01
  0.4521E+02 -0.6991E-01
  0.4531E+02 -0.5807E-01
  0.4541E+02 -0.4436E-01
  0.4550E+02 -0.2917E-01
  0.4560E+02 -0.1295E-01
  0.4570E+02  0.3821E-02
  0.4580E+02  0.2063E-01
  0.4590E+02  0.3694E-01
  0.4600E+02  0.5226E-01
  0.4610E+02  0.6609E-01
  0.4620E+02  0.7795E-01
  0.4630E+02  0.8745E-01
  0.4640E+02  0.9425E-01
  0.4650E+02  0.9808E-01
  0.4660E+02  0.9885E-01
  0.4670E+02  0.9651E-01
  0.4681E+02  0.9112E-01
  0.4691E+02  0.8288E-01
  0.4701E+02  0.7209E-01
  0.4711E+02  0.5913E-01
  0.4720E+02  0.4442E-01
  0.4730E+02  0.2846E-01
  0.4740E+02  0.1175E-01
  0.4750E+02 -0.5187E-02
  0.4760E+02 -0.2181E-01
  0.4770E+02 -0.3764E-01
  0.4780E+02 -0.5219E-01
  0.4790E+02 -0.6503E-01
  0.4800E+02 -0.7579E-01
  0.4810E+02 -0.8415E-01
  0.4820E+02 -0.8987E-01
  0.4830E+02 -0.9277E-01
  0.4840E+02 -0.9279E-01
  0.4850E+02 -0.8997E-01
  0.4860E+02 -0.8434E-01
  0.4871E+02 -0.7611E-01
  0.4881E+02 -0.6554E-01
  0.4890E+02 -0.5295E-01
  0.4900E+02 -0.3872E-01
  0.4910E+02 -0.2328E-01
  0.4920E+02 -0.7077E-02
  0.4930E+02  0.9400E-02
  0.4940E+02  0.2565E-01
  0.4950E+02  0.4120E-01
  0.4960E+02  0.5555E-01
  0.4970E+02  0.6826E-01
  0.4980E+02  0.7893E-01
  0.4990E+02  0.8720E-01
  0.5000E+02  0.9281E-01
