  0.1004E+00  0.9832E-01
  0.2008E+00  0.9317E-01
  0.3010E+00  0.8471E-01
  0.4010E+00  0.7324E-01
  0.5009E+00  0.5917E-01
  0.6006E+00  0.4301E-01
  0.7002E+00  0.2535E-01
  0.8098E+00  0.4923E-02
  0.9094E+00 -0.1383E-01
  0.1009E+01 -0.3205E-01
  0.1109E+01 -0.4911E-01
  0.1208E+01 -0.6440E-01
  0.1308E+01 -0.7736E-01
  0.1409E+01 -0.8753E-01
  0.1509E+01 -0.9452E-01
  0.1609E+01 -0.9805E-01
  0.1710E+01 -0.9800E-01
  0.1800E+01 -0.9484E-01
  0.1900E+01 -0.8797E-01
  0.2000E+01 -0.7777E-01
  0.2100E+01 -0.6460E-01
  0.2210E+01 -0.4722E-01
  0.2310E+01 -0.2939E-01
  0.2409E+01 -0.1027E-01
  0.2509E+01  0.9454E-02
  0.2608E+01  0.2904E-01
  0.2708E+01  0.4776E-01
  0.2808E+01  0.6489E-01
  0.2907E+01  0.7974E-01
  0.3007E+01  0.9171E-01
  0.3108E+01  0.1003E+00
  0.3208E+01  0.1050E+00
  0.3308E+01  0.1058E+00
  0.3409E+01  0.1026E+00
  0.3509E+01  0.9538E-01
  0.3609E+01  0.8461E-01
  0.3709E+01  0.7072E-01
  0.3809E+01  0.5430E-01
  0.3908E+01  0.3602E-01
  0.4008E+01  0.1661E-01
  0.4108E+01 -0.3175E-02
  0.4207E+01 -0.2259E-01
  0.4307E+01 -0.4095E-01
  0.4406E+01 -0.5758E-01
  0.4506E+01 -0.7193E-01
  0.4606E+01 -0.8352E-01
  0.4706E+01 -0.9195E-01
  0.4807E+01 -0.9697E-01
  0.4907E+01 -0.9840E-01
  0.5007E+01 -0.9630E-01
  0.5108E+01 -0.9067E-01
  0.5208E+01 -0.8177E-01
  0.5308E+01 -0.6994E-01
  0.5408E+01 -0.5559E-01
  0.5508E+01 -0.3924E-01
  0.5607E+01 -0.2144E-01
  0.5707E+01 -0.2803E-02
  0.5806E+01  0.1602E-01
  0.5906E+01  0.3437E-01
  0.6006E+01  0.5161E-01
  0.6105E+01  0.6710E-01
  0.6205E+01  0.8027E-01
  0.6305E+01  0.9061E-01
  0.6406E+01  0.9772E-01
  0.6506E+01  0.1013E+00
  0.6607E+01  0.1012E+00
  0.6707E+01  0.9750E-01
  0.6807E+01  0.9023E-01
  0.6907E+01  0.7975E-01
  0.7007E+01  0.6646E-01
  0.7107E+01  0.5087E-01
  0.7207E+01  0.3356E-01
  0.7306E+01  0.1514E-01
  0.7406E+01 -0.3737E-02
  0.7505E+01 -0.2241E-01
  0.7605E+01 -0.4024E-01
  0.7705E+01 -0.5662E-01
  0.7805E+01 -0.7098E-01
  0.7905E+01 -0.8281E-01
  0.8005E+01 -0.9169E-01
  0.8105E+01 -0.9726E-01
  0.8206E+01 -0.9929E-01
  0.8306E+01 -0.9771E-01
  0.8406E+01 -0.9248E-01
  0.8506E+01 -0.8377E-01
  0.8606E+01 -0.7187E-01
  0.8706E+01 -0.5716E-01
  0.8806E+01 -0.4015E-01
  0.8905E+01 -0.2143E-01
  0.9005E+01 -0.1667E-02
  0.9105E+01  0.1841E-01
  0.9204E+01  0.3802E-01
  0.9304E+01  0.5643E-01
  0.9404E+01  0.7287E-01
  0.9504E+01  0.8667E-01
  0.9604E+01  0.9725E-01
  0.9704E+01  0.1041E+00
  0.9804E+01  0.1070E+00
  0.9905E+01  0.1058E+00
  0.1001E+02  0.1005E+00
  0.1011E+02  0.9147E-01
  0.1021E+02  0.7902E-01
  0.1031E+02  0.6375E-01
  0.1040E+02  0.4630E-01
  0.1050E+02  0.2735E-01
  0.1060E+02  0.7655E-02
  0.1070E+02 -0.1206E-01
  0.1080E+02 -0.3109E-01
  0.1090E+02 -0.4875E-01
  0.1100E+02 -0.6447E-01
  0.1110E+02 -0.7769E-01
  0.1120E+02 -0.8799E-01
  0.1130E+02 -0.9502E-01
  0.1140E+02 -0.9856E-01
  0.1150E+02 -0.9851E-01
  0.1160E+02 -0.9489E-01
  0.1170E+02 -0.8782E-01
  0.1180E+02 -0.7759E-01
  0.1190E+02 -0.6456E-01
  0.1200E+02 -0.4920E-01
  0.1210E+02 -0.3204E-01
  0.1220E+02 -0.1368E-01
  0.1230E+02  0.5251E-02
  0.1240E+02  0.2409E-01
  0.1250E+02  0.4219E-01
  0.1260E+02  0.5889E-01
  0.1270E+02  0.7358E-01
  0.1280E+02  0.8572E-01
  0.1290E+02  0.9484E-01
  0.1300E+02  0.1006E+00
  0.1310E+02  0.1027E+00
  0.1320E+02  0.1011E+00
  0.1330E+02  0.9582E-01
  0.1340E+02  0.8711E-01
  0.1350E+02  0.7529E-01
  0.1360E+02  0.6081E-01
  0.1370E+02  0.4421E-01
  0.1380E+02  0.2611E-01
  0.1390E+02  0.7140E-02
  0.1400E+02 -0.1202E-01
  0.1410E+02 -0.3070E-01
  0.1420E+02 -0.4824E-01
  0.1430E+02 -0.6404E-01
  0.1440E+02 -0.7753E-01
  0.1450E+02 -0.8823E-01
  0.1460E+02 -0.9573E-01
  0.1470E+02 -0.9973E-01
  0.1480E+02 -0.1001E+00
  0.1490E+02 -0.9674E-01
  0.1500E+02 -0.8978E-01
  0.1510E+02 -0.7943E-01
  0.1520E+02 -0.6606E-01
  0.1530E+02 -0.5011E-01
  0.1540E+02 -0.3212E-01
  0.1550E+02 -0.1275E-01
  0.1560E+02  0.7337E-02
  0.1571E+02  0.2935E-01
  0.1581E+02  0.4848E-01
  0.1591E+02  0.6599E-01
  0.1601E+02  0.8117E-01
  0.1611E+02  0.9339E-01
  0.1621E+02  0.1021E+00
  0.1631E+02  0.1070E+00
  0.1641E+02  0.1077E+00
  0.1650E+02  0.1049E+00
  0.1660E+02  0.9788E-01
  0.1670E+02  0.8721E-01
  0.1680E+02  0.7335E-01
  0.1690E+02  0.5688E-01
  0.1701E+02  0.3657E-01
  0.1711E+02  0.1691E-01
  0.1721E+02 -0.3107E-02
  0.1731E+02 -0.2273E-01
  0.1741E+02 -0.4126E-01
  0.1751E+02 -0.5805E-01
  0.1761E+02 -0.7254E-01
  0.1771E+02 -0.8424E-01
  0.1781E+02 -0.9279E-01
  0.1791E+02 -0.9790E-01
  0.1801E+02 -0.9943E-01
  0.1811E+02 -0.9742E-01
  0.1821E+02 -0.9188E-01
  0.1831E+02 -0.8306E-01
  0.1841E+02 -0.7129E-01
  0.1851E+02 -0.5699E-01
  0.1861E+02 -0.4064E-01
  0.1871E+02 -0.2279E-01
  0.1881E+02 -0.4037E-02
  0.1891E+02  0.1497E-01
  0.1901E+02  0.3360E-01
  0.1911E+02  0.5118E-01
  0.1921E+02  0.6708E-01
  0.1931E+02  0.8071E-01
  0.1941E+02  0.9155E-01
  0.1951E+02  0.9914E-01
  0.1961E+02  0.1032E+00
  0.1971E+02  0.1034E+00
  0.1981E+02  0.9997E-01
  0.1991E+02  0.9283E-01
  0.2001E+02  0.8233E-01
  0.2011E+02  0.6887E-01
  0.2021E+02  0.5298E-01
  0.2031E+02  0.3525E-01
  0.2041E+02  0.1633E-01
  0.2051E+02 -0.3103E-02
  0.2061E+02 -0.2234E-01
  0.2071E+02 -0.4073E-01
  0.2081E+02 -0.5760E-01
  0.2091E+02 -0.7238E-01
  0.2101E+02 -0.8454E-01
  0.2111E+02 -0.9364E-01
  0.2121E+02 -0.9932E-01
  0.2131E+02 -0.1013E+00
  0.2141E+02 -0.9968E-01
  0.2151E+02 -0.9429E-01
  0.2161E+02 -0.8537E-01
  0.2171E+02 -0.7321E-01
  0.2181E+02 -0.5823E-01
  0.2191E+02 -0.4094E-01
  0.2201E+02 -0.2195E-01
  0.2211E+02 -0.1927E-02
  0.2220E+02  0.1840E-01
  0.2230E+02  0.3826E-01
  0.2240E+02  0.5689E-01
  0.2250E+02  0.7356E-01
  0.2260E+02  0.8758E-01
  0.2270E+02  0.9836E-01
  0.2280E+02  0.1054E+00
  0.2290E+02  0.1084E+00
  0.2300E+02  0.1074E+00
  0.2311E+02  0.1022E+00
  0.2321E+02  0.9311E-01
  0.2331E+02  0.8061E-01
  0.2341E+02  0.6522E-01
  0.2350E+02  0.4758E-01
  0.2360E+02  0.2840E-01
  0.2370E+02  0.8435E-02
  0.2380E+02 -0.1157E-01
  0.2390E+02 -0.3089E-01
  0.2400E+02 -0.4885E-01
  0.2410E+02 -0.6483E-01
  0.2420E+02 -0.7829E-01
  0.2430E+02 -0.8879E-01
  0.2440E+02 -0.9600E-01
  0.2450E+02 -0.9967E-01
  0.2460E+02 -0.9973E-01
  0.2470E+02 -0.9622E-01
  0.2480E+02 -0.8922E-01
  0.2490E+02 -0.7905E-01
  0.2500E+02 -0.6606E-01
  0.2510E+02 -0.5070E-01
  0.2520E+02 -0.3351E-01
  0.2530E+02 -0.1507E-01
  0.2540E+02  0.4004E-02
  0.2550E+02  0.2306E-01
  0.2560E+02  0.4143E-01
  0.2570E+02  0.5848E-01
  0.2580E+02  0.7358E-01
  0.2590E+02  0.8618E-01
  0.2600E+02  0.9577E-01
  0.2610E+02  0.1020E+00
  0.2620E+02  0.1045E+00
  0.2630E+02  0.1032E+00
  0.2640E+02  0.9823E-01
  0.2650E+02  0.8965E-01
  0.2660E+02  0.7783E-01
  0.2670E+02  0.6323E-01
  0.2680E+02  0.4638E-01
  0.2690E+02  0.2790E-01
  0.2700E+02  0.8477E-02
  0.2710E+02 -0.1120E-01
  0.2721E+02 -0.3230E-01
  0.2731E+02 -0.5024E-01
  0.2741E+02 -0.6635E-01
  0.2751E+02 -0.8003E-01
  0.2761E+02 -0.9080E-01
  0.2771E+02 -0.9824E-01
  0.2780E+02 -0.1018E+00
  0.2790E+02 -0.1022E+00
  0.2800E+02 -0.9886E-01
  0.2810E+02 -0.9177E-01
  0.2820E+02 -0.8121E-01
  0.2830E+02 -0.6756E-01
  0.2840E+02 -0.5129E-01
  0.2850E+02 -0.3298E-01
  0.2861E+02 -0.1125E-01
  0.2871E+02  0.9184E-02
  0.2881E+02  0.2946E-01
  0.2891E+02  0.4884E-01
  0.2901E+02  0.6656E-01
  0.2911E+02  0.8192E-01
  0.2921E+02  0.9428E-01
  0.2931E+02  0.1031E+00
  0.2941E+02  0.1081E+00
  0.2951E+02  0.1089E+00
  0.2961E+02  0.1056E+00
  0.2971E+02  0.9832E-01
  0.2981E+02  0.8736E-01
  0.2991E+02  0.7324E-01
  0.3001E+02  0.5655E-01
  0.3011E+02  0.3796E-01
  0.3021E+02  0.1821E-01
  0.3031E+02 -0.1958E-02
  0.3041E+02 -0.2178E-01
  0.3051E+02 -0.4057E-01
  0.3061E+02 -0.5766E-01
  0.3071E+02 -0.7249E-01
  0.3081E+02 -0.8455E-01
  0.3091E+02 -0.9345E-01
  0.3101E+02 -0.9891E-01
  0.3111E+02 -0.1008E+00
  0.3121E+02 -0.9900E-01
  0.3131E+02 -0.9366E-01
  0.3141E+02 -0.8497E-01
  0.3151E+02 -0.7326E-01
  0.3161E+02 -0.5893E-01
  0.3171E+02 -0.4248E-01
  0.3181E+02 -0.2447E-01
  0.3191E+02 -0.5490E-02
  0.3201E+02  0.1380E-01
  0.3211E+02  0.3275E-01
  0.3220E+02  0.5069E-01
  0.3230E+02  0.6698E-01
  0.3240E+02  0.8102E-01
  0.3250E+02  0.9226E-01
  0.3260E+02  0.1002E+00
  0.3270E+02  0.1046E+00
  0.3281E+02  0.1053E+00
  0.3291E+02  0.1021E+00
  0.3301E+02  0.9512E-01
  0.3311E+02  0.8472E-01
  0.3321E+02  0.7128E-01
  0.3331E+02  0.5529E-01
  0.3341E+02  0.3735E-01
  0.3350E+02  0.1812E-01
  0.3360E+02 -0.1707E-02
  0.3370E+02 -0.2142E-01
  0.3380E+02 -0.4031E-01
  0.3390E+02 -0.5772E-01
  0.3400E+02 -0.7302E-01
  0.3410E+02 -0.8567E-01
  0.3420E+02 -0.9518E-01
  0.3430E+02 -0.1012E+00
  0.3440E+02 -0.1034E+00
  0.3450E+02 -0.1019E+00
  0.3460E+02 -0.9651E-01
  0.3470E+02 -0.8748E-01
  0.3480E+02 -0.7513E-01
  0.3490E+02 -0.5989E-01
  0.3500E+02 -0.4229E-01
  0.3510E+02 -0.2295E-01
  0.3520E+02 -0.2575E-02
  0.3530E+02  0.1809E-01
  0.3540E+02  0.3826E-01
  0.3550E+02  0.5718E-01
  0.3560E+02  0.7408E-01
  0.3570E+02  0.8830E-01
  0.3580E+02  0.9924E-01
  0.3590E+02  0.1064E+00
  0.3600E+02  0.1096E+00
  0.3610E+02  0.1086E+00
  0.3620E+02  0.1035E+00
  0.3630E+02  0.9448E-01
  0.3640E+02  0.8204E-01
  0.3650E+02  0.6669E-01
  0.3660E+02  0.4907E-01
  0.3670E+02  0.2987E-01
  0.3680E+02  0.9844E-02
  0.3690E+02 -0.1027E-01
  0.3700E+02 -0.2976E-01
  0.3711E+02 -0.4966E-01
  0.3721E+02 -0.6570E-01
  0.3731E+02 -0.7922E-01
  0.3741E+02 -0.8979E-01
  0.3751E+02 -0.9706E-01
  0.3761E+02 -0.1008E+00
  0.3770E+02 -0.1010E+00
  0.3780E+02 -0.9787E-01
  0.3790E+02 -0.9119E-01
  0.3800E+02 -0.8124E-01
  0.3810E+02 -0.6838E-01
  0.3820E+02 -0.5306E-01
  0.3831E+02 -0.3398E-01
  0.3841E+02 -0.1525E-01
  0.3851E+02  0.4154E-02
  0.3861E+02  0.2355E-01
  0.3871E+02  0.4227E-01
  0.3881E+02  0.5965E-01
  0.3891E+02  0.7505E-01
  0.3901E+02  0.8787E-01
  0.3911E+02  0.9762E-01
  0.3921E+02  0.1039E+00
  0.3931E+02  0.1064E+00
  0.3941E+02  0.1051E+00
  0.3951E+02  0.9988E-01
  0.3961E+02  0.9104E-01
  0.3971E+02  0.7892E-01
  0.3981E+02  0.6396E-01
  0.3991E+02  0.4673E-01
  0.4001E+02  0.2786E-01
  0.4011E+02  0.8058E-02
  0.4021E+02 -0.1198E-01
  0.4031E+02 -0.3153E-01
  0.4041E+02 -0.4991E-01
  0.4051E+02 -0.6645E-01
  0.4061E+02 -0.8057E-01
  0.4071E+02 -0.9175E-01
  0.4081E+02 -0.9956E-01
  0.4091E+02 -0.1037E+00
  0.4101E+02 -0.1040E+00
  0.4111E+02 -0.1004E+00
  0.4121E+02 -0.9301E-01
  0.4131E+02 -0.8213E-01
  0.4141E+02 -0.6810E-01
  0.4151E+02 -0.5142E-01
  0.4161E+02 -0.3269E-01
  0.4171E+02 -0.1257E-01
  0.4181E+02  0.8209E-02
  0.4190E+02  0.2886E-01
  0.4200E+02  0.4860E-01
  0.4210E+02  0.6668E-01
  0.4220E+02  0.8236E-01
  0.4230E+02  0.9501E-01
  0.4240E+02  0.1041E+00
  0.4250E+02  0.1092E+00
  0.4261E+02  0.1102E+00
  0.4271E+02  0.1070E+00
  0.4281E+02  0.9983E-01
  0.4291E+02  0.8894E-01
  0.4301E+02  0.7485E-01
  0.4311E+02  0.5816E-01
  0.4320E+02  0.3956E-01
  0.4330E+02  0.1976E-01
  0.4340E+02 -0.4778E-03
  0.4350E+02 -0.2042E-01
  0.4360E+02 -0.3938E-01
  0.4370E+02 -0.5670E-01
  0.4380E+02 -0.7180E-01
  0.4390E+02 -0.8421E-01
  0.4400E+02 -0.9350E-01
  0.4410E+02 -0.9939E-01
  0.4420E+02 -0.1017E+00
  0.4430E+02 -0.1004E+00
  0.4440E+02 -0.9544E-01
  0.4450E+02 -0.8710E-01
  0.4460E+02 -0.7566E-01
  0.4470E+02 -0.6150E-01
  0.4480E+02 -0.4511E-01
  0.4490E+02 -0.2702E-01
  0.4500E+02 -0.7843E-02
  0.4510E+02  0.1177E-01
  0.4520E+02  0.3115E-01
  0.4530E+02  0.4960E-01
  0.4540E+02  0.6647E-01
  0.4551E+02  0.8243E-01
  0.4561E+02  0.9396E-01
  0.4570E+02  0.1015E+00
  0.4580E+02  0.1064E+00
  0.4590E+02  0.1074E+00
  0.4600E+02  0.1045E+00
  0.4610E+02  0.9775E-01
  0.4620E+02  0.8742E-01
  0.4630E+02  0.7391E-01
  0.4640E+02  0.5775E-01
  0.4650E+02  0.3954E-01
  0.4660E+02  0.1998E-01
  0.4671E+02 -0.2260E-02
  0.4681E+02 -0.2234E-01
  0.4691E+02 -0.4155E-01
  0.4701E+02 -0.5920E-01
  0.4711E+02 -0.7468E-01
  0.4721E+02 -0.8741E-01
  0.4731E+02 -0.9695E-01
  0.4741E+02 -0.1029E+00
  0.4751E+02 -0.1050E+00
  0.4761E+02 -0.1033E+00
  0.4771E+02 -0.9770E-01
  0.4781E+02 -0.8842E-01
  0.4791E+02 -0.7578E-01
  0.4801E+02 -0.6024E-01
  0.4811E+02 -0.4233E-01
  0.4821E+02 -0.2269E-01
  0.4831E+02 -0.2025E-02
  0.4841E+02  0.1890E-01
  0.4851E+02  0.3930E-01
  0.4861E+02  0.5840E-01
  0.4871E+02  0.7544E-01
  0.4881E+02  0.8973E-01
  0.4891E+02  0.1007E+00
  0.4901E+02  0.1078E+00
  0.4911E+02  0.1109E+00
  0.4921E+02  0.1097E+00
  0.4931E+02  0.1044E+00
  0.4941E+02  0.9525E-01
  0.4951E+02  0.8260E-01
  0.4961E+02  0.6704E-01
  0.4971E+02  0.4921E-01
  0.4981E+02  0.2983E-01
  0.4991E+02  0.9638E-02
  0.5001E+02 -0.1062E-01
