  0.1004E+00  0.7114E-01
  0.2008E+00  0.6716E-01
  0.3010E+00  0.6077E-01
  0.4010E+00  0.5220E-01
  0.5009E+00  0.4176E-01
  0.6006E+00  0.2982E-01
  0.7002E+00  0.1686E-01
  0.8098E+00  0.1991E-02
  0.9094E+00 -0.1153E-01
  0.1009E+01 -0.2455E-01
  0.1109E+01 -0.3662E-01
  0.1208E+01 -0.4731E-01
  0.1308E+01 -0.5627E-01
  0.1409E+01 -0.6317E-01
  0.1509E+01 -0.6777E-01
  0.1609E+01 -0.6988E-01
  0.1710E+01 -0.6942E-01
  0.1800E+01 -0.6679E-01
  0.1900E+01 -0.6151E-01
  0.2000E+01 -0.5393E-01
  0.2100E+01 -0.4433E-01
  0.2210E+01 -0.3184E-01
  0.2310E+01 -0.1919E-01
  0.2409E+01 -0.5781E-02
  0.2509E+01  0.7887E-02
  0.2608E+01  0.2131E-01
  0.2708E+01  0.3399E-01
  0.2808E+01  0.4546E-01
  0.2907E+01  0.5529E-01
  0.3007E+01  0.6313E-01
  0.3108E+01  0.6869E-01
  0.3208E+01  0.7175E-01
  0.3308E+01  0.7221E-01
  0.3409E+01  0.7004E-01
  0.3509E+01  0.6534E-01
  0.3609E+01  0.5829E-01
  0.3709E+01  0.4915E-01
  0.3809E+01  0.3826E-01
  0.3908E+01  0.2601E-01
  0.4008E+01  0.1284E-01
  0.4108E+01 -0.7523E-03
  0.4207E+01 -0.1429E-01
  0.4307E+01 -0.2730E-01
  0.4406E+01 -0.3928E-01
  0.4506E+01 -0.4981E-01
  0.4606E+01 -0.5850E-01
  0.4706E+01 -0.6501E-01
  0.4807E+01 -0.6910E-01
  0.4907E+01 -0.7060E-01
  0.5007E+01 -0.6944E-01
  0.5108E+01 -0.6569E-01
  0.5208E+01 -0.5948E-01
  0.5308E+01 -0.5107E-01
  0.5408E+01 -0.4076E-01
  0.5508E+01 -0.2895E-01
  0.5607E+01 -0.1606E-01
  0.5707E+01 -0.2564E-02
  0.5806E+01  0.1106E-01
  0.5906E+01  0.2431E-01
  0.6006E+01  0.3674E-01
  0.6105E+01  0.4788E-01
  0.6205E+01  0.5733E-01
  0.6305E+01  0.6475E-01
  0.6406E+01  0.6984E-01
  0.6506E+01  0.7242E-01
  0.6607E+01  0.7235E-01
  0.6707E+01  0.6966E-01
  0.6807E+01  0.6443E-01
  0.6907E+01  0.5687E-01
  0.7007E+01  0.4727E-01
  0.7107E+01  0.3596E-01
  0.7207E+01  0.2339E-01
  0.7306E+01  0.9988E-02
  0.7406E+01 -0.3741E-02
  0.7505E+01 -0.1730E-01
  0.7605E+01 -0.3021E-01
  0.7705E+01 -0.4200E-01
  0.7805E+01 -0.5222E-01
  0.7905E+01 -0.6051E-01
  0.8005E+01 -0.6653E-01
  0.8105E+01 -0.7007E-01
  0.8206E+01 -0.7097E-01
  0.8306E+01 -0.6919E-01
  0.8406E+01 -0.6482E-01
  0.8506E+01 -0.5804E-01
  0.8606E+01 -0.4910E-01
  0.8706E+01 -0.3836E-01
  0.8806E+01 -0.2621E-01
  0.8905E+01 -0.1309E-01
  0.9005E+01  0.5116E-03
  0.9105E+01  0.1412E-01
  0.9204E+01  0.2724E-01
  0.9304E+01  0.3942E-01
  0.9404E+01  0.5021E-01
  0.9504E+01  0.5923E-01
  0.9604E+01  0.6616E-01
  0.9704E+01  0.7072E-01
  0.9804E+01  0.7275E-01
  0.9905E+01  0.7215E-01
  0.1001E+02  0.6892E-01
  0.1011E+02  0.6320E-01
  0.1021E+02  0.5517E-01
  0.1031E+02  0.4514E-01
  0.1040E+02  0.3348E-01
  0.1050E+02  0.2060E-01
  0.1060E+02  0.6992E-02
  0.1070E+02 -0.6845E-02
  0.1080E+02 -0.2040E-01
  0.1090E+02 -0.3317E-01
  0.1100E+02 -0.4469E-01
  0.1110E+02 -0.5453E-01
  0.1120E+02 -0.6233E-01
  0.1130E+02 -0.6779E-01
  0.1140E+02 -0.7071E-01
  0.1150E+02 -0.7098E-01
  0.1160E+02 -0.6861E-01
  0.1170E+02 -0.6368E-01
  0.1180E+02 -0.5641E-01
  0.1190E+02 -0.4707E-01
  0.1200E+02 -0.3599E-01
  0.1210E+02 -0.2359E-01
  0.1220E+02 -0.1030E-01
  0.1230E+02  0.3397E-02
  0.1240E+02  0.1703E-01
  0.1250E+02  0.3010E-01
  0.1260E+02  0.4214E-01
  0.1270E+02  0.5271E-01
  0.1280E+02  0.6142E-01
  0.1290E+02  0.6793E-01
  0.1300E+02  0.7198E-01
  0.1310E+02  0.7340E-01
  0.1320E+02  0.7214E-01
  0.1330E+02  0.6824E-01
  0.1340E+02  0.6186E-01
  0.1350E+02  0.5324E-01
  0.1360E+02  0.4273E-01
  0.1370E+02  0.3070E-01
  0.1380E+02  0.1761E-01
  0.1390E+02  0.3926E-02
  0.1400E+02 -0.9856E-02
  0.1410E+02 -0.2324E-01
  0.1420E+02 -0.3576E-01
  0.1430E+02 -0.4696E-01
  0.1440E+02 -0.5643E-01
  0.1450E+02 -0.6383E-01
  0.1460E+02 -0.6886E-01
  0.1470E+02 -0.7132E-01
  0.1480E+02 -0.7112E-01
  0.1490E+02 -0.6824E-01
  0.1500E+02 -0.6281E-01
  0.1510E+02 -0.5504E-01
  0.1520E+02 -0.4521E-01
  0.1530E+02 -0.3369E-01
  0.1540E+02 -0.2091E-01
  0.1550E+02 -0.7332E-02
  0.1560E+02  0.6542E-02
  0.1571E+02  0.2154E-01
  0.1581E+02  0.3439E-01
  0.1591E+02  0.4602E-01
  0.1601E+02  0.5600E-01
  0.1611E+02  0.6396E-01
  0.1621E+02  0.6963E-01
  0.1631E+02  0.7277E-01
  0.1641E+02  0.7329E-01
  0.1650E+02  0.7149E-01
  0.1660E+02  0.6704E-01
  0.1670E+02  0.6019E-01
  0.1680E+02  0.5119E-01
  0.1690E+02  0.4035E-01
  0.1701E+02  0.2680E-01
  0.1711E+02  0.1346E-01
  0.1721E+02 -0.3420E-03
  0.1731E+02 -0.1411E-01
  0.1741E+02 -0.2735E-01
  0.1751E+02 -0.3959E-01
  0.1761E+02 -0.5036E-01
  0.1771E+02 -0.5927E-01
  0.1781E+02 -0.6599E-01
  0.1791E+02 -0.7024E-01
  0.1801E+02 -0.7187E-01
  0.1811E+02 -0.7079E-01
  0.1821E+02 -0.6705E-01
  0.1831E+02 -0.6081E-01
  0.1841E+02 -0.5231E-01
  0.1851E+02 -0.4185E-01
  0.1861E+02 -0.2984E-01
  0.1871E+02 -0.1672E-01
  0.1881E+02 -0.2954E-02
  0.1891E+02  0.1095E-01
  0.1901E+02  0.2449E-01
  0.1911E+02  0.3718E-01
  0.1921E+02  0.4855E-01
  0.1931E+02  0.5820E-01
  0.1941E+02  0.6576E-01
  0.1951E+02  0.7095E-01
  0.1961E+02  0.7356E-01
  0.1971E+02  0.7350E-01
  0.1981E+02  0.7077E-01
  0.1991E+02  0.6548E-01
  0.2001E+02  0.5785E-01
  0.2011E+02  0.4815E-01
  0.2021E+02  0.3675E-01
  0.2031E+02  0.2406E-01
  0.2041E+02  0.1053E-01
  0.2051E+02 -0.3346E-02
  0.2061E+02 -0.1708E-01
  0.2071E+02 -0.3018E-01
  0.2081E+02 -0.4218E-01
  0.2091E+02 -0.5263E-01
  0.2101E+02 -0.6114E-01
  0.2111E+02 -0.6739E-01
  0.2121E+02 -0.7113E-01
  0.2131E+02 -0.7220E-01
  0.2141E+02 -0.7055E-01
  0.2151E+02 -0.6625E-01
  0.2161E+02 -0.5947E-01
  0.2171E+02 -0.5047E-01
  0.2181E+02 -0.3960E-01
  0.2191E+02 -0.2725E-01
  0.2201E+02 -0.1388E-01
  0.2211E+02  0.1686E-04
  0.2220E+02  0.1394E-01
  0.2230E+02  0.2738E-01
  0.2240E+02  0.3985E-01
  0.2250E+02  0.5091E-01
  0.2260E+02  0.6014E-01
  0.2270E+02  0.6722E-01
  0.2280E+02  0.7188E-01
  0.2290E+02  0.7394E-01
  0.2300E+02  0.7333E-01
  0.2311E+02  0.7006E-01
  0.2321E+02  0.6426E-01
  0.2331E+02  0.5615E-01
  0.2341E+02  0.4603E-01
  0.2350E+02  0.3426E-01
  0.2360E+02  0.2127E-01
  0.2370E+02  0.7544E-02
  0.2380E+02 -0.6430E-02
  0.2390E+02 -0.2014E-01
  0.2400E+02 -0.3309E-01
  0.2410E+02 -0.4481E-01
  0.2420E+02 -0.5486E-01
  0.2430E+02 -0.6289E-01
  0.2440E+02 -0.6858E-01
  0.2450E+02 -0.7171E-01
  0.2460E+02 -0.7217E-01
  0.2470E+02 -0.6993E-01
  0.2480E+02 -0.6509E-01
  0.2490E+02 -0.5783E-01
  0.2500E+02 -0.4844E-01
  0.2510E+02 -0.3725E-01
  0.2520E+02 -0.2466E-01
  0.2530E+02 -0.1114E-01
  0.2540E+02  0.2832E-02
  0.2550E+02  0.1676E-01
  0.2560E+02  0.3013E-01
  0.2570E+02  0.4247E-01
  0.2580E+02  0.5330E-01
  0.2590E+02  0.6224E-01
  0.2600E+02  0.6893E-01
  0.2610E+02  0.7311E-01
  0.2620E+02  0.7461E-01
  0.2630E+02  0.7338E-01
  0.2640E+02  0.6947E-01
  0.2650E+02  0.6304E-01
  0.2660E+02  0.5436E-01
  0.2670E+02  0.4374E-01
  0.2680E+02  0.3159E-01
  0.2690E+02  0.1835E-01
  0.2700E+02  0.4501E-02
  0.2710E+02 -0.9462E-02
  0.2721E+02 -0.2437E-01
  0.2731E+02 -0.3698E-01
  0.2741E+02 -0.4823E-01
  0.2751E+02 -0.5773E-01
  0.2761E+02 -0.6510E-01
  0.2771E+02 -0.7007E-01
  0.2780E+02 -0.7232E-01
  0.2790E+02 -0.7225E-01
  0.2800E+02 -0.6948E-01
  0.2810E+02 -0.6411E-01
  0.2820E+02 -0.5636E-01
  0.2830E+02 -0.4651E-01
  0.2840E+02 -0.3492E-01
  0.2850E+02 -0.2201E-01
  0.2861E+02 -0.6857E-02
  0.2871E+02  0.7242E-02
  0.2881E+02  0.2112E-01
  0.2891E+02  0.3426E-01
  0.2901E+02  0.4619E-01
  0.2911E+02  0.5646E-01
  0.2921E+02  0.6471E-01
  0.2931E+02  0.7062E-01
  0.2941E+02  0.7397E-01
  0.2951E+02  0.7462E-01
  0.2961E+02  0.7257E-01
  0.2971E+02  0.6788E-01
  0.2981E+02  0.6075E-01
  0.2991E+02  0.5144E-01
  0.3001E+02  0.4030E-01
  0.3011E+02  0.2773E-01
  0.3021E+02  0.1419E-01
  0.3031E+02  0.1802E-03
  0.3041E+02 -0.1380E-01
  0.3051E+02 -0.2725E-01
  0.3061E+02 -0.3968E-01
  0.3071E+02 -0.5063E-01
  0.3081E+02 -0.5973E-01
  0.3091E+02 -0.6661E-01
  0.3101E+02 -0.7102E-01
  0.3111E+02 -0.7279E-01
  0.3121E+02 -0.7184E-01
  0.3131E+02 -0.6821E-01
  0.3141E+02 -0.6206E-01
  0.3151E+02 -0.5360E-01
  0.3161E+02 -0.4315E-01
  0.3171E+02 -0.3110E-01
  0.3181E+02 -0.1788E-01
  0.3191E+02 -0.3961E-02
  0.3201E+02  0.1015E-01
  0.3211E+02  0.2395E-01
  0.3220E+02  0.3694E-01
  0.3230E+02  0.4863E-01
  0.3240E+02  0.5860E-01
  0.3250E+02  0.6646E-01
  0.3260E+02  0.7192E-01
  0.3270E+02  0.7476E-01
  0.3281E+02  0.7486E-01
  0.3291E+02  0.7222E-01
  0.3301E+02  0.6696E-01
  0.3311E+02  0.5928E-01
  0.3321E+02  0.4949E-01
  0.3331E+02  0.3794E-01
  0.3341E+02  0.2506E-01
  0.3350E+02  0.1133E-01
  0.3360E+02 -0.2768E-02
  0.3370E+02 -0.1673E-01
  0.3380E+02 -0.3005E-01
  0.3390E+02 -0.4226E-01
  0.3400E+02 -0.5292E-01
  0.3410E+02 -0.6163E-01
  0.3420E+02 -0.6807E-01
  0.3430E+02 -0.7197E-01
  0.3440E+02 -0.7319E-01
  0.3450E+02 -0.7166E-01
  0.3460E+02 -0.6746E-01
  0.3470E+02 -0.6075E-01
  0.3480E+02 -0.5179E-01
  0.3490E+02 -0.4091E-01
  0.3500E+02 -0.2851E-01
  0.3510E+02 -0.1504E-01
  0.3520E+02 -0.9849E-03
  0.3530E+02  0.1314E-01
  0.3540E+02  0.2682E-01
  0.3550E+02  0.3957E-01
  0.3560E+02  0.5092E-01
  0.3570E+02  0.6046E-01
  0.3580E+02  0.6784E-01
  0.3590E+02  0.7278E-01
  0.3600E+02  0.7509E-01
  0.3610E+02  0.7466E-01
  0.3620E+02  0.7153E-01
  0.3630E+02  0.6579E-01
  0.3640E+02  0.5768E-01
  0.3650E+02  0.4749E-01
  0.3660E+02  0.3559E-01
  0.3670E+02  0.2243E-01
  0.3680E+02  0.8486E-02
  0.3690E+02 -0.5723E-02
  0.3700E+02 -0.1968E-01
  0.3711E+02 -0.3415E-01
  0.3721E+02 -0.4597E-01
  0.3731E+02 -0.5608E-01
  0.3741E+02 -0.6411E-01
  0.3751E+02 -0.6976E-01
  0.3761E+02 -0.7281E-01
  0.3770E+02 -0.7323E-01
  0.3780E+02 -0.7111E-01
  0.3790E+02 -0.6635E-01
  0.3800E+02 -0.5915E-01
  0.3810E+02 -0.4976E-01
  0.3820E+02 -0.3854E-01
  0.3831E+02 -0.2456E-01
  0.3841E+02 -0.1086E-01
  0.3851E+02  0.3289E-02
  0.3861E+02  0.1737E-01
  0.3871E+02  0.3088E-01
  0.3881E+02  0.4333E-01
  0.3891E+02  0.5427E-01
  0.3901E+02  0.6327E-01
  0.3911E+02  0.7001E-01
  0.3921E+02  0.7420E-01
  0.3931E+02  0.7568E-01
  0.3941E+02  0.7439E-01
  0.3951E+02  0.7039E-01
  0.3961E+02  0.6383E-01
  0.3971E+02  0.5497E-01
  0.3981E+02  0.4414E-01
  0.3991E+02  0.3176E-01
  0.4001E+02  0.1827E-01
  0.4011E+02  0.4166E-02
  0.4021E+02 -0.1004E-01
  0.4031E+02 -0.2385E-01
  0.4041E+02 -0.3677E-01
  0.4051E+02 -0.4833E-01
  0.4061E+02 -0.5810E-01
  0.4071E+02 -0.6574E-01
  0.4081E+02 -0.7093E-01
  0.4091E+02 -0.7349E-01
  0.4101E+02 -0.7328E-01
  0.4111E+02 -0.7034E-01
  0.4121E+02 -0.6478E-01
  0.4131E+02 -0.5682E-01
  0.4141E+02 -0.4676E-01
  0.4151E+02 -0.3496E-01
  0.4161E+02 -0.2187E-01
  0.4171E+02 -0.7942E-02
  0.4181E+02  0.6302E-02
  0.4190E+02  0.2035E-01
  0.4200E+02  0.3370E-01
  0.4210E+02  0.4586E-01
  0.4220E+02  0.5640E-01
  0.4230E+02  0.6492E-01
  0.4240E+02  0.7113E-01
  0.4250E+02  0.7476E-01
  0.4261E+02  0.7569E-01
  0.4271E+02  0.7387E-01
  0.4281E+02  0.6937E-01
  0.4291E+02  0.6236E-01
  0.4301E+02  0.5310E-01
  0.4311E+02  0.4193E-01
  0.4320E+02  0.2926E-01
  0.4330E+02  0.1556E-01
  0.4340E+02  0.1328E-02
  0.4350E+02 -0.1292E-01
  0.4360E+02 -0.2665E-01
  0.4370E+02 -0.3939E-01
  0.4380E+02 -0.5066E-01
  0.4390E+02 -0.6005E-01
  0.4400E+02 -0.6721E-01
  0.4410E+02 -0.7187E-01
  0.4420E+02 -0.7385E-01
  0.4430E+02 -0.7307E-01
  0.4440E+02 -0.6957E-01
  0.4450E+02 -0.6348E-01
  0.4460E+02 -0.5505E-01
  0.4470E+02 -0.4459E-01
  0.4480E+02 -0.3247E-01
  0.4490E+02 -0.1915E-01
  0.4500E+02 -0.5092E-02
  0.4510E+02  0.9196E-02
  0.4520E+02  0.2320E-01
  0.4530E+02  0.3641E-01
  0.4540E+02  0.4835E-01
  0.4551E+02  0.5950E-01
  0.4561E+02  0.6740E-01
  0.4570E+02  0.7245E-01
  0.4580E+02  0.7555E-01
  0.4590E+02  0.7589E-01
  0.4600E+02  0.7348E-01
  0.4610E+02  0.6839E-01
  0.4620E+02  0.6085E-01
  0.4630E+02  0.5112E-01
  0.4640E+02  0.3957E-01
  0.4650E+02  0.2663E-01
  0.4660E+02  0.1276E-01
  0.4671E+02 -0.2964E-02
  0.4681E+02 -0.1714E-01
  0.4691E+02 -0.3066E-01
  0.4701E+02 -0.4306E-01
  0.4711E+02 -0.5388E-01
  0.4721E+02 -0.6271E-01
  0.4731E+02 -0.6922E-01
  0.4741E+02 -0.7314E-01
  0.4751E+02 -0.7433E-01
  0.4761E+02 -0.7272E-01
  0.4771E+02 -0.6839E-01
  0.4781E+02 -0.6152E-01
  0.4791E+02 -0.5236E-01
  0.4801E+02 -0.4127E-01
  0.4811E+02 -0.2865E-01
  0.4821E+02 -0.1497E-01
  0.4831E+02 -0.7118E-03
  0.4841E+02  0.1359E-01
  0.4851E+02  0.2743E-01
  0.4861E+02  0.4031E-01
  0.4871E+02  0.5176E-01
  0.4881E+02  0.6136E-01
  0.4891E+02  0.6878E-01
  0.4901E+02  0.7373E-01
  0.4911E+02  0.7602E-01
  0.4921E+02  0.7556E-01
  0.4931E+02  0.7236E-01
  0.4941E+02  0.6654E-01
  0.4951E+02  0.5833E-01
  0.4961E+02  0.4801E-01
  0.4971E+02  0.3597E-01
  0.4981E+02  0.2265E-01
  0.4991E+02  0.8536E-02
  0.5001E+02 -0.5856E-02
