  0.1004E+00  0.7133E-01
  0.2008E+00  0.6796E-01
  0.3010E+00  0.6255E-01
  0.4011E+00  0.5526E-01
  0.5010E+00  0.4631E-01
  0.6008E+00  0.3598E-01
  0.7004E+00  0.2458E-01
  0.8000E+00  0.1249E-01
  0.9096E+00 -0.1177E-02
  0.1009E+01 -0.1351E-01
  0.1109E+01 -0.2537E-01
  0.1208E+01 -0.3640E-01
  0.1308E+01 -0.4627E-01
  0.1408E+01 -0.5470E-01
  0.1508E+01 -0.6143E-01
  0.1608E+01 -0.6625E-01
  0.1709E+01 -0.6902E-01
  0.1809E+01 -0.6965E-01
  0.1910E+01 -0.6812E-01
  0.2010E+01 -0.6447E-01
  0.2100E+01 -0.5948E-01
  0.2200E+01 -0.5218E-01
  0.2310E+01 -0.4230E-01
  0.2410E+01 -0.3192E-01
  0.2509E+01 -0.2053E-01
  0.2609E+01 -0.8473E-02
  0.2708E+01  0.3879E-02
  0.2808E+01  0.1615E-01
  0.2908E+01  0.2798E-01
  0.3007E+01  0.3899E-01
  0.3107E+01  0.4884E-01
  0.3207E+01  0.5723E-01
  0.3307E+01  0.6389E-01
  0.3407E+01  0.6861E-01
  0.3508E+01  0.7124E-01
  0.3608E+01  0.7169E-01
  0.3708E+01  0.6994E-01
  0.3809E+01  0.6606E-01
  0.3909E+01  0.6018E-01
  0.4009E+01  0.5249E-01
  0.4109E+01  0.4322E-01
  0.4208E+01  0.3267E-01
  0.4308E+01  0.2116E-01
  0.4408E+01  0.9047E-02
  0.4507E+01 -0.3313E-02
  0.4607E+01 -0.1554E-01
  0.4706E+01 -0.2726E-01
  0.4806E+01 -0.3813E-01
  0.4906E+01 -0.4780E-01
  0.5006E+01 -0.5599E-01
  0.5106E+01 -0.6243E-01
  0.5206E+01 -0.6692E-01
  0.5306E+01 -0.6931E-01
  0.5407E+01 -0.6953E-01
  0.5507E+01 -0.6756E-01
  0.5608E+01 -0.6348E-01
  0.5708E+01 -0.5742E-01
  0.5808E+01 -0.4958E-01
  0.5908E+01 -0.4020E-01
  0.6007E+01 -0.2957E-01
  0.6107E+01 -0.1802E-01
  0.6207E+01 -0.5900E-02
  0.6306E+01  0.6426E-02
  0.6406E+01  0.1859E-01
  0.6506E+01  0.3021E-01
  0.6605E+01  0.4095E-01
  0.6705E+01  0.5048E-01
  0.6805E+01  0.5850E-01
  0.6905E+01  0.6475E-01
  0.7006E+01  0.6904E-01
  0.7106E+01  0.7123E-01
  0.7206E+01  0.7124E-01
  0.7307E+01  0.6906E-01
  0.7407E+01  0.6478E-01
  0.7507E+01  0.5854E-01
  0.7607E+01  0.5055E-01
  0.7707E+01  0.4104E-01
  0.7807E+01  0.3033E-01
  0.7906E+01  0.1874E-01
  0.8006E+01  0.6624E-02
  0.8105E+01 -0.5645E-02
  0.8205E+01 -0.1770E-01
  0.8305E+01 -0.2918E-01
  0.8404E+01 -0.3975E-01
  0.8504E+01 -0.4908E-01
  0.8604E+01 -0.5689E-01
  0.8704E+01 -0.6294E-01
  0.8805E+01 -0.6704E-01
  0.8905E+01 -0.6905E-01
  0.9005E+01 -0.6890E-01
  0.9106E+01 -0.6660E-01
  0.9206E+01 -0.6221E-01
  0.9306E+01 -0.5589E-01
  0.9406E+01 -0.4781E-01
  0.9506E+01 -0.3823E-01
  0.9606E+01 -0.2745E-01
  0.9705E+01 -0.1579E-01
  0.9805E+01 -0.3610E-02
  0.9904E+01  0.8721E-02
  0.1000E+02  0.2082E-01
  0.1010E+02  0.3232E-01
  0.1020E+02  0.4287E-01
  0.1030E+02  0.5212E-01
  0.1040E+02  0.5980E-01
  0.1050E+02  0.6565E-01
  0.1060E+02  0.6950E-01
  0.1070E+02  0.7121E-01
  0.1080E+02  0.7074E-01
  0.1090E+02  0.6810E-01
  0.1100E+02  0.6339E-01
  0.1111E+02  0.5678E-01
  0.1121E+02  0.4848E-01
  0.1130E+02  0.3874E-01
  0.1140E+02  0.2788E-01
  0.1150E+02  0.1622E-01
  0.1160E+02  0.4107E-02
  0.1170E+02 -0.8086E-02
  0.1180E+02 -0.2000E-01
  0.1190E+02 -0.3128E-01
  0.1200E+02 -0.4159E-01
  0.1210E+02 -0.5060E-01
  0.1220E+02 -0.5806E-01
  0.1230E+02 -0.6372E-01
  0.1240E+02 -0.6739E-01
  0.1250E+02 -0.6896E-01
  0.1260E+02 -0.6837E-01
  0.1270E+02 -0.6563E-01
  0.1280E+02 -0.6084E-01
  0.1290E+02 -0.5416E-01
  0.1300E+02 -0.4579E-01
  0.1310E+02 -0.3600E-01
  0.1320E+02 -0.2508E-01
  0.1330E+02 -0.1337E-01
  0.1340E+02 -0.1223E-02
  0.1350E+02  0.1099E-01
  0.1360E+02  0.2290E-01
  0.1370E+02  0.3416E-01
  0.1380E+02  0.4440E-01
  0.1390E+02  0.5333E-01
  0.1400E+02  0.6065E-01
  0.1410E+02  0.6615E-01
  0.1420E+02  0.6963E-01
  0.1430E+02  0.7098E-01
  0.1440E+02  0.7016E-01
  0.1450E+02  0.6718E-01
  0.1460E+02  0.6216E-01
  0.1470E+02  0.5525E-01
  0.1480E+02  0.4668E-01
  0.1490E+02  0.3671E-01
  0.1500E+02  0.2566E-01
  0.1510E+02  0.1387E-01
  0.1520E+02  0.1709E-02
  0.1530E+02 -0.1046E-01
  0.1540E+02 -0.2227E-01
  0.1550E+02 -0.3336E-01
  0.1560E+02 -0.4339E-01
  0.1570E+02 -0.5207E-01
  0.1580E+02 -0.5912E-01
  0.1590E+02 -0.6433E-01
  0.1600E+02 -0.6754E-01
  0.1610E+02 -0.6863E-01
  0.1620E+02 -0.6758E-01
  0.1630E+02 -0.6442E-01
  0.1640E+02 -0.5926E-01
  0.1650E+02 -0.5226E-01
  0.1660E+02 -0.4364E-01
  0.1670E+02 -0.3366E-01
  0.1680E+02 -0.2262E-01
  0.1690E+02 -0.1087E-01
  0.1700E+02  0.1252E-02
  0.1710E+02  0.1337E-01
  0.1720E+02  0.2512E-01
  0.1730E+02  0.3615E-01
  0.1741E+02  0.4704E-01
  0.1751E+02  0.5548E-01
  0.1761E+02  0.6224E-01
  0.1770E+02  0.6673E-01
  0.1780E+02  0.6977E-01
  0.1790E+02  0.7068E-01
  0.1800E+02  0.6942E-01
  0.1810E+02  0.6604E-01
  0.1820E+02  0.6065E-01
  0.1830E+02  0.5344E-01
  0.1840E+02  0.4463E-01
  0.1850E+02  0.3450E-01
  0.1860E+02  0.2336E-01
  0.1870E+02  0.1155E-01
  0.1880E+02 -0.5714E-03
  0.1890E+02 -0.1264E-01
  0.1901E+02 -0.2542E-01
  0.1911E+02 -0.3621E-01
  0.1921E+02 -0.4587E-01
  0.1931E+02 -0.5411E-01
  0.1941E+02 -0.6068E-01
  0.1951E+02 -0.6535E-01
  0.1960E+02 -0.6781E-01
  0.1970E+02 -0.6852E-01
  0.1980E+02 -0.6707E-01
  0.1990E+02 -0.6351E-01
  0.2000E+02 -0.5796E-01
  0.2010E+02 -0.5060E-01
  0.2020E+02 -0.4167E-01
  0.2030E+02 -0.3143E-01
  0.2040E+02 -0.2021E-01
  0.2050E+02 -0.8348E-02
  0.2060E+02  0.3789E-02
  0.2071E+02  0.1702E-01
  0.2081E+02  0.2853E-01
  0.2091E+02  0.3920E-01
  0.2101E+02  0.4869E-01
  0.2111E+02  0.5672E-01
  0.2121E+02  0.6303E-01
  0.2131E+02  0.6743E-01
  0.2141E+02  0.6979E-01
  0.2151E+02  0.7002E-01
  0.2160E+02  0.6840E-01
  0.2170E+02  0.6464E-01
  0.2180E+02  0.5893E-01
  0.2190E+02  0.5145E-01
  0.2200E+02  0.4244E-01
  0.2210E+02  0.3216E-01
  0.2221E+02  0.1978E-01
  0.2231E+02  0.7909E-02
  0.2241E+02 -0.4171E-02
  0.2251E+02 -0.1609E-01
  0.2261E+02 -0.2750E-01
  0.2271E+02 -0.3805E-01
  0.2281E+02 -0.4741E-01
  0.2291E+02 -0.5529E-01
  0.2301E+02 -0.6145E-01
  0.2311E+02 -0.6570E-01
  0.2321E+02 -0.6788E-01
  0.2331E+02 -0.6794E-01
  0.2341E+02 -0.6586E-01
  0.2351E+02 -0.6172E-01
  0.2360E+02 -0.5634E-01
  0.2370E+02 -0.4871E-01
  0.2381E+02 -0.3857E-01
  0.2391E+02 -0.2808E-01
  0.2401E+02 -0.1670E-01
  0.2411E+02 -0.4790E-02
  0.2421E+02  0.7303E-02
  0.2431E+02  0.1921E-01
  0.2441E+02  0.3056E-01
  0.2451E+02  0.4103E-01
  0.2461E+02  0.5027E-01
  0.2471E+02  0.5800E-01
  0.2481E+02  0.6398E-01
  0.2491E+02  0.6802E-01
  0.2501E+02  0.6996E-01
  0.2511E+02  0.6976E-01
  0.2521E+02  0.6743E-01
  0.2531E+02  0.6303E-01
  0.2541E+02  0.5674E-01
  0.2551E+02  0.4874E-01
  0.2561E+02  0.3929E-01
  0.2571E+02  0.2869E-01
  0.2581E+02  0.1727E-01
  0.2591E+02  0.5366E-02
  0.2601E+02 -0.6650E-02
  0.2611E+02 -0.1842E-01
  0.2621E+02 -0.2960E-01
  0.2631E+02 -0.3985E-01
  0.2641E+02 -0.4885E-01
  0.2651E+02 -0.5635E-01
  0.2661E+02 -0.6209E-01
  0.2671E+02 -0.6591E-01
  0.2681E+02 -0.6767E-01
  0.2691E+02 -0.6730E-01
  0.2701E+02 -0.6483E-01
  0.2711E+02 -0.6034E-01
  0.2721E+02 -0.5396E-01
  0.2731E+02 -0.4590E-01
  0.2741E+02 -0.3641E-01
  0.2751E+02 -0.2577E-01
  0.2761E+02 -0.1431E-01
  0.2771E+02 -0.2387E-02
  0.2781E+02  0.9649E-02
  0.2791E+02  0.2142E-01
  0.2801E+02  0.3258E-01
  0.2811E+02  0.4277E-01
  0.2821E+02  0.5168E-01
  0.2831E+02  0.5903E-01
  0.2841E+02  0.6460E-01
  0.2851E+02  0.6819E-01
  0.2861E+02  0.6970E-01
  0.2871E+02  0.6908E-01
  0.2881E+02  0.6635E-01
  0.2891E+02  0.6161E-01
  0.2901E+02  0.5501E-01
  0.2911E+02  0.4676E-01
  0.2921E+02  0.3712E-01
  0.2931E+02  0.2638E-01
  0.2941E+02  0.1488E-01
  0.2951E+02  0.2965E-02
  0.2961E+02 -0.9012E-02
  0.2971E+02 -0.2068E-01
  0.2981E+02 -0.3170E-01
  0.2991E+02 -0.4172E-01
  0.3001E+02 -0.5044E-01
  0.3011E+02 -0.5759E-01
  0.3021E+02 -0.6294E-01
  0.3031E+02 -0.6632E-01
  0.3041E+02 -0.6761E-01
  0.3051E+02 -0.6678E-01
  0.3061E+02 -0.6385E-01
  0.3071E+02 -0.5892E-01
  0.3081E+02 -0.5216E-01
  0.3091E+02 -0.4379E-01
  0.3101E+02 -0.3406E-01
  0.3111E+02 -0.2327E-01
  0.3121E+02 -0.1175E-01
  0.3131E+02  0.1448E-03
  0.3141E+02  0.1206E-01
  0.3151E+02  0.2364E-01
  0.3161E+02  0.3454E-01
  0.3171E+02  0.4441E-01
  0.3181E+02  0.5297E-01
  0.3191E+02  0.5995E-01
  0.3201E+02  0.6512E-01
  0.3211E+02  0.6831E-01
  0.3221E+02  0.6942E-01
  0.3231E+02  0.6841E-01
  0.3241E+02  0.6531E-01
  0.3251E+02  0.6023E-01
  0.3261E+02  0.5332E-01
  0.3271E+02  0.4481E-01
  0.3281E+02  0.3496E-01
  0.3291E+02  0.2408E-01
  0.3301E+02  0.1250E-01
  0.3311E+02  0.5849E-03
  0.3321E+02 -0.1131E-01
  0.3331E+02 -0.2283E-01
  0.3341E+02 -0.3362E-01
  0.3351E+02 -0.4334E-01
  0.3360E+02 -0.5172E-01
  0.3371E+02 -0.5848E-01
  0.3381E+02 -0.6342E-01
  0.3391E+02 -0.6638E-01
  0.3401E+02 -0.6725E-01
  0.3411E+02 -0.6601E-01
  0.3421E+02 -0.6271E-01
  0.3431E+02 -0.5744E-01
  0.3441E+02 -0.5039E-01
  0.3451E+02 -0.4177E-01
  0.3461E+02 -0.3184E-01
  0.3471E+02 -0.2091E-01
  0.3481E+02 -0.9317E-02
  0.3491E+02  0.2594E-02
  0.3501E+02  0.1446E-01
  0.3510E+02  0.2592E-01
  0.3520E+02  0.3661E-01
  0.3530E+02  0.4622E-01
  0.3540E+02  0.5444E-01
  0.3550E+02  0.6102E-01
  0.3560E+02  0.6574E-01
  0.3571E+02  0.6846E-01
  0.3581E+02  0.6908E-01
  0.3591E+02  0.6760E-01
  0.3601E+02  0.6406E-01
  0.3611E+02  0.5858E-01
  0.3621E+02  0.5135E-01
  0.3631E+02  0.4259E-01
  0.3641E+02  0.3257E-01
  0.3651E+02  0.2160E-01
  0.3661E+02  0.1001E-01
  0.3671E+02 -0.1849E-02
  0.3680E+02 -0.1362E-01
  0.3690E+02 -0.2495E-01
  0.3700E+02 -0.3550E-01
  0.3710E+02 -0.4495E-01
  0.3720E+02 -0.5300E-01
  0.3730E+02 -0.5941E-01
  0.3740E+02 -0.6396E-01
  0.3751E+02 -0.6651E-01
  0.3761E+02 -0.6697E-01
  0.3771E+02 -0.6532E-01
  0.3781E+02 -0.6161E-01
  0.3791E+02 -0.5598E-01
  0.3801E+02 -0.4860E-01
  0.3811E+02 -0.3971E-01
  0.3821E+02 -0.2958E-01
  0.3831E+02 -0.1852E-01
  0.3841E+02 -0.6871E-02
  0.3850E+02  0.5012E-02
  0.3860E+02  0.1677E-01
  0.3870E+02  0.2804E-01
  0.3880E+02  0.3848E-01
  0.3890E+02  0.4778E-01
  0.3900E+02  0.5564E-01
  0.3910E+02  0.6183E-01
  0.3920E+02  0.6614E-01
  0.3930E+02  0.6844E-01
  0.3941E+02  0.6864E-01
  0.3951E+02  0.6676E-01
  0.3961E+02  0.6284E-01
  0.3971E+02  0.5702E-01
  0.3981E+02  0.4949E-01
  0.3991E+02  0.4047E-01
  0.4001E+02  0.3026E-01
  0.4011E+02  0.1915E-01
  0.4020E+02  0.7503E-02
  0.4030E+02 -0.4338E-02
  0.4040E+02 -0.1601E-01
  0.4050E+02 -0.2716E-01
  0.4060E+02 -0.3745E-01
  0.4070E+02 -0.4656E-01
  0.4080E+02 -0.5422E-01
  0.4090E+02 -0.6019E-01
  0.4100E+02 -0.6428E-01
  0.4110E+02 -0.6635E-01
  0.4120E+02 -0.6635E-01
  0.4131E+02 -0.6427E-01
  0.4141E+02 -0.6018E-01
  0.4151E+02 -0.5422E-01
  0.4161E+02 -0.4657E-01
  0.4171E+02 -0.3748E-01
  0.4181E+02 -0.2722E-01
  0.4190E+02 -0.1610E-01
  0.4200E+02 -0.4456E-02
  0.4210E+02  0.7359E-02
  0.4220E+02  0.1899E-01
  0.4230E+02  0.3008E-01
  0.4240E+02  0.4029E-01
  0.4250E+02  0.4931E-01
  0.4260E+02  0.5686E-01
  0.4270E+02  0.6268E-01
  0.4280E+02  0.6660E-01
  0.4290E+02  0.6848E-01
  0.4300E+02  0.6826E-01
  0.4311E+02  0.6595E-01
  0.4321E+02  0.6164E-01
  0.4331E+02  0.5545E-01
  0.4341E+02  0.4760E-01
  0.4351E+02  0.3833E-01
  0.4360E+02  0.2793E-01
  0.4370E+02  0.1672E-01
  0.4380E+02  0.5046E-02
  0.4390E+02 -0.6740E-02
  0.4400E+02 -0.1828E-01
  0.4410E+02 -0.2924E-01
  0.4420E+02 -0.3927E-01
  0.4430E+02 -0.4808E-01
  0.4440E+02 -0.5539E-01
  0.4450E+02 -0.6097E-01
  0.4460E+02 -0.6465E-01
  0.4470E+02 -0.6631E-01
  0.4480E+02 -0.6588E-01
  0.4490E+02 -0.6337E-01
  0.4501E+02 -0.5889E-01
  0.4511E+02 -0.5257E-01
  0.4521E+02 -0.4462E-01
  0.4531E+02 -0.3527E-01
  0.4540E+02 -0.2483E-01
  0.4550E+02 -0.1360E-01
  0.4560E+02 -0.1923E-02
  0.4570E+02  0.9835E-02
  0.4580E+02  0.2132E-01
  0.4590E+02  0.3219E-01
  0.4600E+02  0.4210E-01
  0.4610E+02  0.5075E-01
  0.4620E+02  0.5787E-01
  0.4630E+02  0.6325E-01
  0.4640E+02  0.6671E-01
  0.4650E+02  0.6813E-01
  0.4660E+02  0.6748E-01
  0.4670E+02  0.6478E-01
  0.4680E+02  0.6011E-01
  0.4690E+02  0.5363E-01
  0.4700E+02  0.4555E-01
  0.4710E+02  0.3610E-01
  0.4720E+02  0.2558E-01
  0.4730E+02  0.1431E-01
  0.4740E+02  0.2636E-02
  0.4750E+02 -0.9088E-02
  0.4760E+02 -0.2051E-01
  0.4770E+02 -0.3127E-01
  0.4780E+02 -0.4106E-01
  0.4790E+02 -0.4956E-01
  0.4800E+02 -0.5651E-01
  0.4810E+02 -0.6169E-01
  0.4820E+02 -0.6494E-01
  0.4830E+02 -0.6614E-01
  0.4840E+02 -0.6526E-01
  0.4850E+02 -0.6233E-01
  0.4860E+02 -0.5746E-01
  0.4870E+02 -0.5079E-01
  0.4880E+02 -0.4255E-01
  0.4890E+02 -0.3299E-01
  0.4900E+02 -0.2240E-01
  0.4910E+02 -0.1110E-01
  0.4920E+02  0.5572E-03
  0.4930E+02  0.1223E-01
  0.4940E+02  0.2356E-01
  0.4950E+02  0.3421E-01
  0.4960E+02  0.4385E-01
  0.4970E+02  0.5218E-01
  0.4980E+02  0.5895E-01
  0.4990E+02  0.6394E-01
  0.5000E+02  0.6698E-01
