  0.1004E+00  0.9855E-01
  0.2008E+00  0.9414E-01
  0.3010E+00  0.8691E-01
  0.4011E+00  0.7709E-01
  0.5010E+00  0.6500E-01
  0.6008E+00  0.5102E-01
  0.7004E+00  0.3555E-01
  0.8000E+00  0.1908E-01
  0.9096E+00  0.3710E-03
  0.1009E+01 -0.1662E-01
  0.1109E+01 -0.3306E-01
  0.1208E+01 -0.4848E-01
  0.1308E+01 -0.6243E-01
  0.1408E+01 -0.7448E-01
  0.1508E+01 -0.8428E-01
  0.1608E+01 -0.9151E-01
  0.1709E+01 -0.9595E-01
  0.1809E+01 -0.9743E-01
  0.1910E+01 -0.9596E-01
  0.2010E+01 -0.9149E-01
  0.2100E+01 -0.8502E-01
  0.2200E+01 -0.7530E-01
  0.2310E+01 -0.6185E-01
  0.2410E+01 -0.4751E-01
  0.2509E+01 -0.3158E-01
  0.2609E+01 -0.1452E-01
  0.2708E+01  0.3161E-02
  0.2808E+01  0.2092E-01
  0.2908E+01  0.3820E-01
  0.3007E+01  0.5446E-01
  0.3107E+01  0.6918E-01
  0.3207E+01  0.8185E-01
  0.3307E+01  0.9205E-01
  0.3407E+01  0.9940E-01
  0.3508E+01  0.1036E+00
  0.3608E+01  0.1046E+00
  0.3708E+01  0.1023E+00
  0.3809E+01  0.9669E-01
  0.3909E+01  0.8806E-01
  0.4009E+01  0.7670E-01
  0.4109E+01  0.6300E-01
  0.4208E+01  0.4743E-01
  0.4308E+01  0.3049E-01
  0.4408E+01  0.1274E-01
  0.4507E+01 -0.5273E-02
  0.4607E+01 -0.2297E-01
  0.4706E+01 -0.3982E-01
  0.4806E+01 -0.5532E-01
  0.4906E+01 -0.6900E-01
  0.5006E+01 -0.8046E-01
  0.5106E+01 -0.8935E-01
  0.5206E+01 -0.9542E-01
  0.5306E+01 -0.9847E-01
  0.5407E+01 -0.9846E-01
  0.5507E+01 -0.9538E-01
  0.5608E+01 -0.8931E-01
  0.5708E+01 -0.8047E-01
  0.5808E+01 -0.6915E-01
  0.5908E+01 -0.5570E-01
  0.6007E+01 -0.4052E-01
  0.6107E+01 -0.2408E-01
  0.6207E+01 -0.6867E-02
  0.6306E+01  0.1060E-01
  0.6406E+01  0.2781E-01
  0.6506E+01  0.4421E-01
  0.6605E+01  0.5932E-01
  0.6705E+01  0.7266E-01
  0.6805E+01  0.8381E-01
  0.6905E+01  0.9240E-01
  0.7006E+01  0.9815E-01
  0.7106E+01  0.1009E+00
  0.7206E+01  0.1005E+00
  0.7307E+01  0.9705E-01
  0.7407E+01  0.9062E-01
  0.7507E+01  0.8148E-01
  0.7607E+01  0.6994E-01
  0.7707E+01  0.5639E-01
  0.7807E+01  0.4127E-01
  0.7906E+01  0.2506E-01
  0.8006E+01  0.8242E-02
  0.8105E+01 -0.8666E-02
  0.8205E+01 -0.2517E-01
  0.8305E+01 -0.4080E-01
  0.8404E+01 -0.5511E-01
  0.8504E+01 -0.6770E-01
  0.8604E+01 -0.7821E-01
  0.8704E+01 -0.8634E-01
  0.8805E+01 -0.9186E-01
  0.8905E+01 -0.9461E-01
  0.9005E+01 -0.9451E-01
  0.9106E+01 -0.9157E-01
  0.9206E+01 -0.8585E-01
  0.9306E+01 -0.7753E-01
  0.9406E+01 -0.6684E-01
  0.9506E+01 -0.5409E-01
  0.9606E+01 -0.3962E-01
  0.9705E+01 -0.2386E-01
  0.9805E+01 -0.7235E-02
  0.9904E+01  0.9766E-02
  0.1000E+02  0.2665E-01
  0.1010E+02  0.4290E-01
  0.1020E+02  0.5802E-01
  0.1030E+02  0.7154E-01
  0.1040E+02  0.8300E-01
  0.1050E+02  0.9201E-01
  0.1060E+02  0.9824E-01
  0.1070E+02  0.1014E+00
  0.1080E+02  0.1015E+00
  0.1090E+02  0.9846E-01
  0.1100E+02  0.9228E-01
  0.1111E+02  0.8322E-01
  0.1121E+02  0.7158E-01
  0.1130E+02  0.5775E-01
  0.1140E+02  0.4216E-01
  0.1150E+02  0.2534E-01
  0.1160E+02  0.7790E-02
  0.1170E+02 -0.9925E-02
  0.1180E+02 -0.2725E-01
  0.1190E+02 -0.4367E-01
  0.1200E+02 -0.5868E-01
  0.1210E+02 -0.7182E-01
  0.1220E+02 -0.8268E-01
  0.1230E+02 -0.9094E-01
  0.1240E+02 -0.9632E-01
  0.1250E+02 -0.9865E-01
  0.1260E+02 -0.9791E-01
  0.1270E+02 -0.9405E-01
  0.1280E+02 -0.8722E-01
  0.1290E+02 -0.7763E-01
  0.1300E+02 -0.6559E-01
  0.1310E+02 -0.5146E-01
  0.1320E+02 -0.3568E-01
  0.1330E+02 -0.1873E-01
  0.1340E+02 -0.1131E-02
  0.1350E+02  0.1658E-01
  0.1360E+02  0.3386E-01
  0.1370E+02  0.5017E-01
  0.1380E+02  0.6497E-01
  0.1390E+02  0.7781E-01
  0.1400E+02  0.8825E-01
  0.1410E+02  0.9594E-01
  0.1420E+02  0.1006E+00
  0.1430E+02  0.1021E+00
  0.1440E+02  0.1005E+00
  0.1450E+02  0.9573E-01
  0.1460E+02  0.8799E-01
  0.1470E+02  0.7761E-01
  0.1480E+02  0.6493E-01
  0.1490E+02  0.5040E-01
  0.1500E+02  0.3449E-01
  0.1510E+02  0.1771E-01
  0.1520E+02  0.5655E-03
  0.1530E+02 -0.1641E-01
  0.1540E+02 -0.3272E-01
  0.1550E+02 -0.4789E-01
  0.1560E+02 -0.6150E-01
  0.1570E+02 -0.7315E-01
  0.1580E+02 -0.8252E-01
  0.1590E+02 -0.8935E-01
  0.1600E+02 -0.9343E-01
  0.1610E+02 -0.9466E-01
  0.1620E+02 -0.9306E-01
  0.1630E+02 -0.8861E-01
  0.1640E+02 -0.8148E-01
  0.1650E+02 -0.7189E-01
  0.1660E+02 -0.6012E-01
  0.1670E+02 -0.4651E-01
  0.1680E+02 -0.3146E-01
  0.1690E+02 -0.1539E-01
  0.1700E+02  0.1230E-02
  0.1710E+02  0.1792E-01
  0.1720E+02  0.3419E-01
  0.1730E+02  0.4955E-01
  0.1741E+02  0.6484E-01
  0.1751E+02  0.7680E-01
  0.1761E+02  0.8652E-01
  0.1770E+02  0.9306E-01
  0.1780E+02  0.9765E-01
  0.1790E+02  0.9926E-01
  0.1800E+02  0.9788E-01
  0.1810E+02  0.9347E-01
  0.1820E+02  0.8620E-01
  0.1830E+02  0.7631E-01
  0.1840E+02  0.6413E-01
  0.1850E+02  0.5005E-01
  0.1860E+02  0.3451E-01
  0.1870E+02  0.1799E-01
  0.1880E+02  0.1000E-02
  0.1890E+02 -0.1596E-01
  0.1901E+02 -0.3396E-01
  0.1911E+02 -0.4922E-01
  0.1921E+02 -0.6295E-01
  0.1931E+02 -0.7475E-01
  0.1941E+02 -0.8425E-01
  0.1951E+02 -0.9117E-01
  0.1960E+02 -0.9498E-01
  0.1970E+02 -0.9642E-01
  0.1980E+02 -0.9491E-01
  0.1990E+02 -0.9042E-01
  0.2000E+02 -0.8309E-01
  0.2010E+02 -0.7313E-01
  0.2020E+02 -0.6085E-01
  0.2030E+02 -0.4659E-01
  0.2040E+02 -0.3078E-01
  0.2050E+02 -0.1388E-01
  0.2060E+02  0.3598E-02
  0.2071E+02  0.2285E-01
  0.2081E+02  0.3979E-01
  0.2091E+02  0.5563E-01
  0.2101E+02  0.6985E-01
  0.2111E+02  0.8197E-01
  0.2121E+02  0.9158E-01
  0.2131E+02  0.9833E-01
  0.2141E+02  0.1020E+00
  0.2151E+02  0.1024E+00
  0.2160E+02  0.9998E-01
  0.2170E+02  0.9430E-01
  0.2180E+02  0.8566E-01
  0.2190E+02  0.7438E-01
  0.2200E+02  0.6086E-01
  0.2210E+02  0.4555E-01
  0.2221E+02  0.2727E-01
  0.2231E+02  0.9923E-02
  0.2241E+02 -0.7562E-02
  0.2251E+02 -0.2463E-01
  0.2261E+02 -0.4079E-01
  0.2271E+02 -0.5554E-01
  0.2281E+02 -0.6846E-01
  0.2291E+02 -0.7917E-01
  0.2301E+02 -0.8737E-01
  0.2311E+02 -0.9283E-01
  0.2321E+02 -0.9538E-01
  0.2331E+02 -0.9500E-01
  0.2341E+02 -0.9170E-01
  0.2351E+02 -0.8557E-01
  0.2360E+02 -0.7781E-01
  0.2370E+02 -0.6696E-01
  0.2381E+02 -0.5268E-01
  0.2391E+02 -0.3801E-01
  0.2401E+02 -0.2216E-01
  0.2411E+02 -0.5598E-02
  0.2421E+02  0.1118E-01
  0.2431E+02  0.2769E-01
  0.2441E+02  0.4343E-01
  0.2451E+02  0.5793E-01
  0.2461E+02  0.7074E-01
  0.2471E+02  0.8145E-01
  0.2481E+02  0.8973E-01
  0.2491E+02  0.9529E-01
  0.2501E+02  0.9794E-01
  0.2511E+02  0.9763E-01
  0.2521E+02  0.9435E-01
  0.2531E+02  0.8819E-01
  0.2541E+02  0.7939E-01
  0.2551E+02  0.6823E-01
  0.2561E+02  0.5510E-01
  0.2571E+02  0.4039E-01
  0.2581E+02  0.2457E-01
  0.2591E+02  0.8110E-02
  0.2601E+02 -0.8491E-02
  0.2611E+02 -0.2474E-01
  0.2621E+02 -0.4018E-01
  0.2631E+02 -0.5435E-01
  0.2641E+02 -0.6684E-01
  0.2651E+02 -0.7730E-01
  0.2661E+02 -0.8542E-01
  0.2671E+02 -0.9093E-01
  0.2681E+02 -0.9367E-01
  0.2691E+02 -0.9356E-01
  0.2701E+02 -0.9061E-01
  0.2711E+02 -0.8485E-01
  0.2721E+02 -0.7646E-01
  0.2731E+02 -0.6570E-01
  0.2741E+02 -0.5285E-01
  0.2751E+02 -0.3829E-01
  0.2761E+02 -0.2243E-01
  0.2771E+02 -0.5745E-02
  0.2781E+02  0.1129E-01
  0.2791E+02  0.2814E-01
  0.2801E+02  0.4429E-01
  0.2811E+02  0.5924E-01
  0.2821E+02  0.7250E-01
  0.2831E+02  0.8362E-01
  0.2841E+02  0.9220E-01
  0.2851E+02  0.9795E-01
  0.2861E+02  0.1006E+00
  0.2871E+02  0.1002E+00
  0.2881E+02  0.9656E-01
  0.2891E+02  0.8990E-01
  0.2901E+02  0.8043E-01
  0.2911E+02  0.6848E-01
  0.2921E+02  0.5446E-01
  0.2931E+02  0.3883E-01
  0.2941E+02  0.2208E-01
  0.2951E+02  0.4764E-02
  0.2961E+02 -0.1259E-01
  0.2971E+02 -0.2944E-01
  0.2981E+02 -0.4527E-01
  0.2991E+02 -0.5962E-01
  0.3001E+02 -0.7205E-01
  0.3011E+02 -0.8218E-01
  0.3021E+02 -0.8972E-01
  0.3031E+02 -0.9442E-01
  0.3041E+02 -0.9614E-01
  0.3051E+02 -0.9489E-01
  0.3061E+02 -0.9064E-01
  0.3071E+02 -0.8355E-01
  0.3081E+02 -0.7386E-01
  0.3091E+02 -0.6185E-01
  0.3101E+02 -0.4791E-01
  0.3111E+02 -0.3245E-01
  0.3121E+02 -0.1595E-01
  0.3131E+02  0.1113E-02
  0.3141E+02  0.1820E-01
  0.3151E+02  0.3479E-01
  0.3161E+02  0.5038E-01
  0.3171E+02  0.6446E-01
  0.3181E+02  0.7659E-01
  0.3191E+02  0.8638E-01
  0.3201E+02  0.9350E-01
  0.3211E+02  0.9771E-01
  0.3221E+02  0.9888E-01
  0.3231E+02  0.9700E-01
  0.3241E+02  0.9213E-01
  0.3251E+02  0.8445E-01
  0.3261E+02  0.7425E-01
  0.3271E+02  0.6188E-01
  0.3281E+02  0.4776E-01
  0.3291E+02  0.3234E-01
  0.3301E+02  0.1610E-01
  0.3311E+02 -0.4525E-03
  0.3321E+02 -0.1683E-01
  0.3331E+02 -0.3256E-01
  0.3341E+02 -0.4720E-01
  0.3351E+02 -0.6032E-01
  0.3360E+02 -0.7156E-01
  0.3371E+02 -0.8060E-01
  0.3381E+02 -0.8719E-01
  0.3391E+02 -0.9113E-01
  0.3401E+02 -0.9230E-01
  0.3411E+02 -0.9073E-01
  0.3421E+02 -0.8638E-01
  0.3431E+02 -0.7943E-01
  0.3441E+02 -0.7006E-01
  0.3451E+02 -0.5854E-01
  0.3461E+02 -0.4520E-01
  0.3471E+02 -0.3042E-01
  0.3481E+02 -0.1461E-01
  0.3491E+02  0.1768E-02
  0.3501E+02  0.1824E-01
  0.3510E+02  0.3432E-01
  0.3520E+02  0.4951E-01
  0.3530E+02  0.6334E-01
  0.3540E+02  0.7537E-01
  0.3550E+02  0.8518E-01
  0.3560E+02  0.9245E-01
  0.3571E+02  0.9689E-01
  0.3581E+02  0.9834E-01
  0.3591E+02  0.9678E-01
  0.3601E+02  0.9218E-01
  0.3611E+02  0.8472E-01
  0.3621E+02  0.7465E-01
  0.3631E+02  0.6231E-01
  0.3641E+02  0.4809E-01
  0.3651E+02  0.3245E-01
  0.3661E+02  0.1589E-01
  0.3671E+02 -0.1092E-02
  0.3680E+02 -0.1796E-01
  0.3690E+02 -0.3420E-01
  0.3700E+02 -0.4933E-01
  0.3710E+02 -0.6290E-01
  0.3720E+02 -0.7449E-01
  0.3730E+02 -0.8375E-01
  0.3740E+02 -0.9040E-01
  0.3751E+02 -0.9421E-01
  0.3761E+02 -0.9508E-01
  0.3771E+02 -0.9300E-01
  0.3781E+02 -0.8798E-01
  0.3791E+02 -0.8019E-01
  0.3801E+02 -0.6987E-01
  0.3811E+02 -0.5734E-01
  0.3821E+02 -0.4296E-01
  0.3831E+02 -0.2717E-01
  0.3841E+02 -0.1044E-01
  0.3850E+02  0.6721E-02
  0.3860E+02  0.2377E-01
  0.3870E+02  0.4020E-01
  0.3880E+02  0.5547E-01
  0.3890E+02  0.6910E-01
  0.3900E+02  0.8063E-01
  0.3910E+02  0.8967E-01
  0.3920E+02  0.9591E-01
  0.3930E+02  0.9912E-01
  0.3941E+02  0.9924E-01
  0.3951E+02  0.9624E-01
  0.3961E+02  0.9022E-01
  0.3971E+02  0.8143E-01
  0.3981E+02  0.7017E-01
  0.3991E+02  0.5684E-01
  0.4001E+02  0.4190E-01
  0.4011E+02  0.2582E-01
  0.4020E+02  0.9109E-02
  0.4030E+02 -0.7705E-02
  0.4040E+02 -0.2411E-01
  0.4050E+02 -0.3963E-01
  0.4060E+02 -0.5381E-01
  0.4070E+02 -0.6624E-01
  0.4080E+02 -0.7657E-01
  0.4090E+02 -0.8449E-01
  0.4100E+02 -0.8980E-01
  0.4110E+02 -0.9232E-01
  0.4120E+02 -0.9204E-01
  0.4131E+02 -0.8895E-01
  0.4141E+02 -0.8314E-01
  0.4151E+02 -0.7480E-01
  0.4161E+02 -0.6419E-01
  0.4171E+02 -0.5163E-01
  0.4181E+02 -0.3748E-01
  0.4190E+02 -0.2215E-01
  0.4200E+02 -0.6096E-02
  0.4210E+02  0.1023E-01
  0.4220E+02  0.2633E-01
  0.4230E+02  0.4173E-01
  0.4240E+02  0.5597E-01
  0.4250E+02  0.6860E-01
  0.4260E+02  0.7923E-01
  0.4270E+02  0.8750E-01
  0.4280E+02  0.9313E-01
  0.4290E+02  0.9592E-01
  0.4300E+02  0.9582E-01
  0.4311E+02  0.9277E-01
  0.4321E+02  0.8690E-01
  0.4331E+02  0.7839E-01
  0.4341E+02  0.6754E-01
  0.4351E+02  0.5469E-01
  0.4360E+02  0.4025E-01
  0.4370E+02  0.2468E-01
  0.4380E+02  0.8435E-02
  0.4390E+02 -0.7987E-02
  0.4400E+02 -0.2410E-01
  0.4410E+02 -0.3942E-01
  0.4420E+02 -0.5351E-01
  0.4430E+02 -0.6595E-01
  0.4440E+02 -0.7637E-01
  0.4450E+02 -0.8446E-01
  0.4460E+02 -0.8995E-01
  0.4470E+02 -0.9267E-01
  0.4480E+02 -0.9255E-01
  0.4490E+02 -0.8958E-01
  0.4501E+02 -0.8380E-01
  0.4511E+02 -0.7540E-01
  0.4521E+02 -0.6461E-01
  0.4531E+02 -0.5176E-01
  0.4540E+02 -0.3721E-01
  0.4550E+02 -0.2139E-01
  0.4560E+02 -0.4774E-02
  0.4570E+02  0.1215E-01
  0.4580E+02  0.2884E-01
  0.4590E+02  0.4479E-01
  0.4600E+02  0.5947E-01
  0.4610E+02  0.7242E-01
  0.4620E+02  0.8318E-01
  0.4630E+02  0.9139E-01
  0.4640E+02  0.9674E-01
  0.4650E+02  0.9902E-01
  0.4660E+02  0.9822E-01
  0.4670E+02  0.9431E-01
  0.4680E+02  0.8741E-01
  0.4690E+02  0.7781E-01
  0.4700E+02  0.6583E-01
  0.4710E+02  0.5188E-01
  0.4720E+02  0.3644E-01
  0.4730E+02  0.1999E-01
  0.4740E+02  0.3071E-02
  0.4750E+02 -0.1380E-01
  0.4760E+02 -0.3010E-01
  0.4770E+02 -0.4534E-01
  0.4780E+02 -0.5907E-01
  0.4790E+02 -0.7090E-01
  0.4800E+02 -0.8046E-01
  0.4810E+02 -0.8748E-01
  0.4820E+02 -0.9176E-01
  0.4830E+02 -0.9316E-01
  0.4840E+02 -0.9171E-01
  0.4850E+02 -0.8739E-01
  0.4860E+02 -0.8038E-01
  0.4870E+02 -0.7089E-01
  0.4880E+02 -0.5922E-01
  0.4890E+02 -0.4572E-01
  0.4900E+02 -0.3079E-01
  0.4910E+02 -0.1489E-01
  0.4920E+02  0.1527E-02
  0.4930E+02  0.1796E-01
  0.4940E+02  0.3391E-01
  0.4950E+02  0.4889E-01
  0.4960E+02  0.6245E-01
  0.4970E+02  0.7415E-01
  0.4980E+02  0.8361E-01
  0.4990E+02  0.9053E-01
  0.5000E+02  0.9466E-01
