  0.1004E+00  0.7128E-01
  0.2008E+00  0.6775E-01
  0.3010E+00  0.6209E-01
  0.4011E+00  0.5447E-01
  0.5010E+00  0.4512E-01
  0.6007E+00  0.3436E-01
  0.7004E+00  0.2253E-01
  0.8099E+00  0.8773E-02
  0.9095E+00 -0.3979E-02
  0.1009E+01 -0.1654E-01
  0.1109E+01 -0.2851E-01
  0.1208E+01 -0.3951E-01
  0.1308E+01 -0.4920E-01
  0.1408E+01 -0.5729E-01
  0.1508E+01 -0.6351E-01
  0.1609E+01 -0.6768E-01
  0.1709E+01 -0.6964E-01
  0.1810E+01 -0.6933E-01
  0.1910E+01 -0.6677E-01
  0.2000E+01 -0.6259E-01
  0.2100E+01 -0.5602E-01
  0.2200E+01 -0.4763E-01
  0.2310E+01 -0.3660E-01
  0.2410E+01 -0.2529E-01
  0.2509E+01 -0.1312E-01
  0.2609E+01 -0.4961E-03
  0.2708E+01  0.1220E-01
  0.2808E+01  0.2454E-01
  0.2907E+01  0.3614E-01
  0.3007E+01  0.4662E-01
  0.3107E+01  0.5564E-01
  0.3207E+01  0.6289E-01
  0.3307E+01  0.6813E-01
  0.3408E+01  0.7119E-01
  0.3508E+01  0.7196E-01
  0.3609E+01  0.7041E-01
  0.3709E+01  0.6661E-01
  0.3809E+01  0.6069E-01
  0.3909E+01  0.5285E-01
  0.4009E+01  0.4335E-01
  0.4108E+01  0.3250E-01
  0.4208E+01  0.2064E-01
  0.4308E+01  0.8164E-02
  0.4407E+01 -0.4538E-02
  0.4507E+01 -0.1706E-01
  0.4606E+01 -0.2901E-01
  0.4706E+01 -0.4000E-01
  0.4806E+01 -0.4969E-01
  0.4906E+01 -0.5776E-01
  0.5006E+01 -0.6394E-01
  0.5106E+01 -0.6802E-01
  0.5207E+01 -0.6986E-01
  0.5307E+01 -0.6940E-01
  0.5408E+01 -0.6665E-01
  0.5508E+01 -0.6171E-01
  0.5608E+01 -0.5475E-01
  0.5708E+01 -0.4600E-01
  0.5808E+01 -0.3576E-01
  0.5907E+01 -0.2434E-01
  0.6007E+01 -0.1212E-01
  0.6107E+01  0.5193E-03
  0.6206E+01  0.1317E-01
  0.6306E+01  0.2543E-01
  0.6405E+01  0.3691E-01
  0.6505E+01  0.4725E-01
  0.6605E+01  0.5611E-01
  0.6705E+01  0.6319E-01
  0.6806E+01  0.6827E-01
  0.6906E+01  0.7116E-01
  0.7006E+01  0.7177E-01
  0.7107E+01  0.7008E-01
  0.7207E+01  0.6614E-01
  0.7307E+01  0.6011E-01
  0.7407E+01  0.5218E-01
  0.7507E+01  0.4262E-01
  0.7607E+01  0.3174E-01
  0.7706E+01  0.1989E-01
  0.7806E+01  0.7444E-02
  0.7905E+01 -0.5197E-02
  0.8005E+01 -0.1764E-01
  0.8105E+01 -0.2949E-01
  0.8204E+01 -0.4038E-01
  0.8304E+01 -0.4996E-01
  0.8404E+01 -0.5792E-01
  0.8505E+01 -0.6400E-01
  0.8605E+01 -0.6799E-01
  0.8705E+01 -0.6975E-01
  0.8806E+01 -0.6921E-01
  0.8906E+01 -0.6637E-01
  0.9006E+01 -0.6136E-01
  0.9106E+01 -0.5432E-01
  0.9206E+01 -0.4550E-01
  0.9306E+01 -0.3517E-01
  0.9405E+01 -0.2368E-01
  0.9505E+01 -0.1138E-01
  0.9604E+01  0.1307E-02
  0.9704E+01  0.1399E-01
  0.9804E+01  0.2625E-01
  0.9903E+01  0.3770E-01
  0.1000E+02  0.4795E-01
  0.1010E+02  0.5668E-01
  0.1020E+02  0.6359E-01
  0.1030E+02  0.6847E-01
  0.1040E+02  0.7114E-01
  0.1050E+02  0.7154E-01
  0.1060E+02  0.6965E-01
  0.1070E+02  0.6554E-01
  0.1080E+02  0.5938E-01
  0.1090E+02  0.5135E-01
  0.1100E+02  0.4174E-01
  0.1110E+02  0.3084E-01
  0.1120E+02  0.1900E-01
  0.1130E+02  0.6585E-02
  0.1140E+02 -0.6006E-02
  0.1150E+02 -0.1838E-01
  0.1160E+02 -0.3016E-01
  0.1170E+02 -0.4097E-01
  0.1180E+02 -0.5045E-01
  0.1190E+02 -0.5830E-01
  0.1200E+02 -0.6425E-01
  0.1210E+02 -0.6810E-01
  0.1220E+02 -0.6971E-01
  0.1230E+02 -0.6900E-01
  0.1240E+02 -0.6603E-01
  0.1250E+02 -0.6088E-01
  0.1260E+02 -0.5373E-01
  0.1270E+02 -0.4482E-01
  0.1280E+02 -0.3444E-01
  0.1290E+02 -0.2293E-01
  0.1300E+02 -0.1065E-01
  0.1310E+02  0.2006E-02
  0.1320E+02  0.1463E-01
  0.1330E+02  0.2681E-01
  0.1340E+02  0.3817E-01
  0.1350E+02  0.4834E-01
  0.1360E+02  0.5698E-01
  0.1370E+02  0.6382E-01
  0.1380E+02  0.6861E-01
  0.1390E+02  0.7121E-01
  0.1400E+02  0.7152E-01
  0.1410E+02  0.6953E-01
  0.1420E+02  0.6532E-01
  0.1430E+02  0.5904E-01
  0.1440E+02  0.5090E-01
  0.1450E+02  0.4116E-01
  0.1460E+02  0.3015E-01
  0.1470E+02  0.1823E-01
  0.1480E+02  0.5763E-02
  0.1490E+02 -0.6841E-02
  0.1500E+02 -0.1919E-01
  0.1510E+02 -0.3089E-01
  0.1520E+02 -0.4157E-01
  0.1531E+02 -0.5175E-01
  0.1540E+02 -0.5857E-01
  0.1550E+02 -0.6434E-01
  0.1560E+02 -0.6800E-01
  0.1570E+02 -0.6943E-01
  0.1580E+02 -0.6857E-01
  0.1590E+02 -0.6547E-01
  0.1600E+02 -0.6022E-01
  0.1610E+02 -0.5300E-01
  0.1620E+02 -0.4406E-01
  0.1630E+02 -0.3367E-01
  0.1640E+02 -0.2217E-01
  0.1650E+02 -0.9916E-02
  0.1661E+02  0.3958E-02
  0.1671E+02  0.1650E-01
  0.1681E+02  0.2855E-01
  0.1691E+02  0.3973E-01
  0.1701E+02  0.4967E-01
  0.1711E+02  0.5805E-01
  0.1721E+02  0.6458E-01
  0.1731E+02  0.6904E-01
  0.1741E+02  0.7129E-01
  0.1751E+02  0.7125E-01
  0.1760E+02  0.6926E-01
  0.1770E+02  0.6495E-01
  0.1780E+02  0.5857E-01
  0.1790E+02  0.5035E-01
  0.1800E+02  0.4056E-01
  0.1811E+02  0.2835E-01
  0.1821E+02  0.1632E-01
  0.1831E+02  0.3807E-02
  0.1841E+02 -0.8794E-02
  0.1851E+02 -0.2109E-01
  0.1861E+02 -0.3268E-01
  0.1871E+02 -0.4321E-01
  0.1881E+02 -0.5232E-01
  0.1891E+02 -0.5973E-01
  0.1901E+02 -0.6519E-01
  0.1911E+02 -0.6849E-01
  0.1921E+02 -0.6951E-01
  0.1931E+02 -0.6825E-01
  0.1941E+02 -0.6475E-01
  0.1951E+02 -0.5913E-01
  0.1961E+02 -0.5158E-01
  0.1971E+02 -0.4235E-01
  0.1981E+02 -0.3174E-01
  0.1991E+02 -0.2009E-01
  0.2001E+02 -0.7786E-02
  0.2011E+02  0.4795E-02
  0.2021E+02  0.1725E-01
  0.2031E+02  0.2918E-01
  0.2041E+02  0.4021E-01
  0.2051E+02  0.4998E-01
  0.2061E+02  0.5819E-01
  0.2071E+02  0.6457E-01
  0.2081E+02  0.6890E-01
  0.2091E+02  0.7103E-01
  0.2101E+02  0.7090E-01
  0.2111E+02  0.6851E-01
  0.2121E+02  0.6393E-01
  0.2131E+02  0.5733E-01
  0.2141E+02  0.4890E-01
  0.2151E+02  0.3894E-01
  0.2161E+02  0.2775E-01
  0.2171E+02  0.1570E-01
  0.2181E+02  0.3183E-02
  0.2191E+02 -0.9407E-02
  0.2201E+02 -0.2167E-01
  0.2211E+02 -0.3320E-01
  0.2221E+02 -0.4364E-01
  0.2230E+02 -0.5265E-01
  0.2241E+02 -0.5994E-01
  0.2251E+02 -0.6525E-01
  0.2261E+02 -0.6842E-01
  0.2271E+02 -0.6931E-01
  0.2281E+02 -0.6793E-01
  0.2291E+02 -0.6432E-01
  0.2301E+02 -0.5861E-01
  0.2311E+02 -0.5099E-01
  0.2321E+02 -0.4171E-01
  0.2331E+02 -0.3107E-01
  0.2341E+02 -0.1940E-01
  0.2351E+02 -0.7089E-02
  0.2360E+02  0.5487E-02
  0.2370E+02  0.1792E-01
  0.2380E+02  0.2982E-01
  0.2390E+02  0.4081E-01
  0.2400E+02  0.5052E-01
  0.2410E+02  0.5864E-01
  0.2420E+02  0.6490E-01
  0.2430E+02  0.6908E-01
  0.2440E+02  0.7106E-01
  0.2450E+02  0.7076E-01
  0.2461E+02  0.6820E-01
  0.2471E+02  0.6347E-01
  0.2481E+02  0.5674E-01
  0.2491E+02  0.4822E-01
  0.2500E+02  0.3819E-01
  0.2510E+02  0.2698E-01
  0.2520E+02  0.1495E-01
  0.2530E+02  0.2481E-02
  0.2540E+02 -0.1004E-01
  0.2550E+02 -0.2222E-01
  0.2560E+02 -0.3367E-01
  0.2570E+02 -0.4402E-01
  0.2580E+02 -0.5294E-01
  0.2590E+02 -0.6014E-01
  0.2600E+02 -0.6537E-01
  0.2610E+02 -0.6845E-01
  0.2620E+02 -0.6923E-01
  0.2630E+02 -0.6777E-01
  0.2640E+02 -0.6407E-01
  0.2650E+02 -0.5828E-01
  0.2660E+02 -0.5059E-01
  0.2670E+02 -0.4123E-01
  0.2680E+02 -0.3052E-01
  0.2690E+02 -0.1880E-01
  0.2700E+02 -0.6445E-02
  0.2710E+02  0.6143E-02
  0.2720E+02  0.1856E-01
  0.2730E+02  0.3041E-01
  0.2740E+02  0.4132E-01
  0.2750E+02  0.5092E-01
  0.2760E+02  0.5892E-01
  0.2770E+02  0.6504E-01
  0.2780E+02  0.6908E-01
  0.2790E+02  0.7091E-01
  0.2800E+02  0.7049E-01
  0.2810E+02  0.6781E-01
  0.2820E+02  0.6298E-01
  0.2830E+02  0.5615E-01
  0.2840E+02  0.4756E-01
  0.2850E+02  0.3748E-01
  0.2860E+02  0.2624E-01
  0.2870E+02  0.1419E-01
  0.2880E+02  0.1728E-02
  0.2890E+02 -0.1076E-01
  0.2901E+02 -0.2405E-01
  0.2911E+02 -0.3531E-01
  0.2921E+02 -0.4541E-01
  0.2931E+02 -0.5403E-01
  0.2941E+02 -0.6088E-01
  0.2951E+02 -0.6574E-01
  0.2960E+02 -0.6827E-01
  0.2970E+02 -0.6893E-01
  0.2980E+02 -0.6733E-01
  0.2990E+02 -0.6354E-01
  0.3000E+02 -0.5768E-01
  0.3010E+02 -0.4994E-01
  0.3020E+02 -0.4058E-01
  0.3030E+02 -0.2989E-01
  0.3041E+02 -0.1699E-01
  0.3051E+02 -0.4646E-02
  0.3061E+02  0.7892E-02
  0.3071E+02  0.2022E-01
  0.3081E+02  0.3196E-01
  0.3091E+02  0.4271E-01
  0.3101E+02  0.5213E-01
  0.3111E+02  0.5991E-01
  0.3121E+02  0.6579E-01
  0.3131E+02  0.6955E-01
  0.3141E+02  0.7106E-01
  0.3151E+02  0.7032E-01
  0.3161E+02  0.6731E-01
  0.3171E+02  0.6214E-01
  0.3181E+02  0.5501E-01
  0.3191E+02  0.4614E-01
  0.3201E+02  0.3584E-01
  0.3211E+02  0.2443E-01
  0.3221E+02  0.1229E-01
  0.3231E+02 -0.1913E-03
  0.3241E+02 -0.1263E-01
  0.3251E+02 -0.2462E-01
  0.3261E+02 -0.3580E-01
  0.3271E+02 -0.4581E-01
  0.3281E+02 -0.5432E-01
  0.3291E+02 -0.6107E-01
  0.3301E+02 -0.6581E-01
  0.3311E+02 -0.6839E-01
  0.3321E+02 -0.6870E-01
  0.3331E+02 -0.6678E-01
  0.3341E+02 -0.6269E-01
  0.3351E+02 -0.5656E-01
  0.3361E+02 -0.4858E-01
  0.3371E+02 -0.3901E-01
  0.3381E+02 -0.2815E-01
  0.3391E+02 -0.1636E-01
  0.3401E+02 -0.4001E-02
  0.3411E+02  0.8518E-02
  0.3421E+02  0.2080E-01
  0.3430E+02  0.3245E-01
  0.3440E+02  0.4310E-01
  0.3450E+02  0.5240E-01
  0.3460E+02  0.6004E-01
  0.3470E+02  0.6577E-01
  0.3481E+02  0.6940E-01
  0.3491E+02  0.7079E-01
  0.3501E+02  0.6995E-01
  0.3511E+02  0.6685E-01
  0.3521E+02  0.6163E-01
  0.3531E+02  0.5446E-01
  0.3541E+02  0.4557E-01
  0.3551E+02  0.3525E-01
  0.3561E+02  0.2384E-01
  0.3570E+02  0.1171E-01
  0.3580E+02 -0.7706E-03
  0.3590E+02 -0.1319E-01
  0.3600E+02 -0.2516E-01
  0.3610E+02 -0.3630E-01
  0.3620E+02 -0.4624E-01
  0.3630E+02 -0.5468E-01
  0.3640E+02 -0.6132E-01
  0.3650E+02 -0.6595E-01
  0.3660E+02 -0.6839E-01
  0.3670E+02 -0.6857E-01
  0.3680E+02 -0.6651E-01
  0.3690E+02 -0.6229E-01
  0.3700E+02 -0.5604E-01
  0.3710E+02 -0.4797E-01
  0.3720E+02 -0.3834E-01
  0.3730E+02 -0.2746E-01
  0.3740E+02 -0.1567E-01
  0.3750E+02 -0.3343E-02
  0.3760E+02  0.9121E-02
  0.3770E+02  0.2133E-01
  0.3780E+02  0.3290E-01
  0.3790E+02  0.4346E-01
  0.3800E+02  0.5266E-01
  0.3810E+02  0.6022E-01
  0.3820E+02  0.6586E-01
  0.3830E+02  0.6939E-01
  0.3840E+02  0.7069E-01
  0.3850E+02  0.6976E-01
  0.3860E+02  0.6658E-01
  0.3870E+02  0.6128E-01
  0.3880E+02  0.5404E-01
  0.3890E+02  0.4509E-01
  0.3900E+02  0.3474E-01
  0.3910E+02  0.2331E-01
  0.3920E+02  0.1118E-01
  0.3930E+02 -0.1263E-02
  0.3940E+02 -0.1363E-01
  0.3951E+02 -0.2669E-01
  0.3961E+02 -0.3764E-01
  0.3971E+02 -0.4736E-01
  0.3981E+02 -0.5554E-01
  0.3991E+02 -0.6191E-01
  0.4000E+02 -0.6591E-01
  0.4010E+02 -0.6827E-01
  0.4020E+02 -0.6838E-01
  0.4030E+02 -0.6627E-01
  0.4040E+02 -0.6200E-01
  0.4050E+02 -0.5571E-01
  0.4060E+02 -0.4760E-01
  0.4070E+02 -0.3792E-01
  0.4080E+02 -0.2698E-01
  0.4091E+02 -0.1392E-01
  0.4101E+02 -0.1529E-02
  0.4111E+02  0.1095E-01
  0.4121E+02  0.2311E-01
  0.4131E+02  0.3456E-01
  0.4141E+02  0.4493E-01
  0.4151E+02  0.5388E-01
  0.4161E+02  0.6113E-01
  0.4171E+02  0.6642E-01
  0.4181E+02  0.6957E-01
  0.4191E+02  0.7050E-01
  0.4201E+02  0.6919E-01
  0.4211E+02  0.6567E-01
  0.4221E+02  0.6006E-01
  0.4231E+02  0.5257E-01
  0.4241E+02  0.4344E-01
  0.4251E+02  0.3296E-01
  0.4261E+02  0.2146E-01
  0.4271E+02  0.9322E-02
  0.4281E+02 -0.3087E-02
  0.4291E+02 -0.1537E-01
  0.4301E+02 -0.2714E-01
  0.4311E+02 -0.3802E-01
  0.4321E+02 -0.4767E-01
  0.4331E+02 -0.5578E-01
  0.4341E+02 -0.6206E-01
  0.4351E+02 -0.6630E-01
  0.4361E+02 -0.6835E-01
  0.4371E+02 -0.6813E-01
  0.4381E+02 -0.6570E-01
  0.4391E+02 -0.6113E-01
  0.4401E+02 -0.5456E-01
  0.4411E+02 -0.4621E-01
  0.4421E+02 -0.3634E-01
  0.4431E+02 -0.2527E-01
  0.4441E+02 -0.1336E-01
  0.4451E+02 -0.9955E-03
  0.4460E+02  0.1144E-01
  0.4470E+02  0.2353E-01
  0.4480E+02  0.3491E-01
  0.4490E+02  0.4521E-01
  0.4500E+02  0.5409E-01
  0.4510E+02  0.6125E-01
  0.4520E+02  0.6647E-01
  0.4530E+02  0.6955E-01
  0.4540E+02  0.7039E-01
  0.4551E+02  0.6901E-01
  0.4561E+02  0.6542E-01
  0.4571E+02  0.5975E-01
  0.4581E+02  0.5219E-01
  0.4590E+02  0.4299E-01
  0.4600E+02  0.3246E-01
  0.4610E+02  0.2093E-01
  0.4620E+02  0.8778E-02
  0.4630E+02 -0.3613E-02
  0.4640E+02 -0.1585E-01
  0.4650E+02 -0.2755E-01
  0.4660E+02 -0.3834E-01
  0.4670E+02 -0.4788E-01
  0.4680E+02 -0.5587E-01
  0.4690E+02 -0.6203E-01
  0.4700E+02 -0.6616E-01
  0.4710E+02 -0.6810E-01
  0.4720E+02 -0.6780E-01
  0.4730E+02 -0.6531E-01
  0.4740E+02 -0.6069E-01
  0.4750E+02 -0.5410E-01
  0.4760E+02 -0.4573E-01
  0.4770E+02 -0.3587E-01
  0.4780E+02 -0.2481E-01
  0.4790E+02 -0.1291E-01
  0.4800E+02 -0.5545E-03
  0.4810E+02  0.1186E-01
  0.4820E+02  0.2394E-01
  0.4831E+02  0.3637E-01
  0.4841E+02  0.4649E-01
  0.4851E+02  0.5515E-01
  0.4861E+02  0.6205E-01
  0.4870E+02  0.6657E-01
  0.4880E+02  0.6955E-01
  0.4890E+02  0.7029E-01
  0.4900E+02  0.6881E-01
  0.4910E+02  0.6511E-01
  0.4920E+02  0.5935E-01
  0.4930E+02  0.5172E-01
  0.4940E+02  0.4248E-01
  0.4950E+02  0.3192E-01
  0.4961E+02  0.1919E-01
  0.4971E+02  0.7009E-02
  0.4981E+02 -0.5362E-02
  0.4991E+02 -0.1753E-01
  0.5001E+02 -0.2912E-01
