  0.1004E+00  0.9849E-01
  0.2008E+00  0.9389E-01
  0.3010E+00  0.8634E-01
  0.4011E+00  0.7609E-01
  0.5010E+00  0.6347E-01
  0.6007E+00  0.4888E-01
  0.7004E+00  0.3280E-01
  0.8099E+00  0.1397E-01
  0.9095E+00 -0.3589E-02
  0.1009E+01 -0.2101E-01
  0.1109E+01 -0.3774E-01
  0.1208E+01 -0.5326E-01
  0.1308E+01 -0.6709E-01
  0.1408E+01 -0.7877E-01
  0.1508E+01 -0.8795E-01
  0.1609E+01 -0.9430E-01
  0.1709E+01 -0.9760E-01
  0.1810E+01 -0.9775E-01
  0.1910E+01 -0.9473E-01
  0.2000E+01 -0.8934E-01
  0.2100E+01 -0.8057E-01
  0.2200E+01 -0.6911E-01
  0.2310E+01 -0.5385E-01
  0.2410E+01 -0.3801E-01
  0.2509E+01 -0.2081E-01
  0.2609E+01 -0.2776E-02
  0.2708E+01  0.1550E-01
  0.2808E+01  0.3344E-01
  0.2907E+01  0.5044E-01
  0.3007E+01  0.6593E-01
  0.3107E+01  0.7938E-01
  0.3207E+01  0.9031E-01
  0.3307E+01  0.9832E-01
  0.3408E+01  0.1031E+00
  0.3508E+01  0.1045E+00
  0.3609E+01  0.1024E+00
  0.3709E+01  0.9692E-01
  0.3809E+01  0.8824E-01
  0.3909E+01  0.7669E-01
  0.4009E+01  0.6269E-01
  0.4108E+01  0.4674E-01
  0.4208E+01  0.2937E-01
  0.4308E+01  0.1117E-01
  0.4407E+01 -0.7251E-02
  0.4507E+01 -0.2529E-01
  0.4606E+01 -0.4238E-01
  0.4706E+01 -0.5798E-01
  0.4806E+01 -0.7159E-01
  0.4906E+01 -0.8279E-01
  0.5006E+01 -0.9124E-01
  0.5106E+01 -0.9666E-01
  0.5207E+01 -0.9888E-01
  0.5307E+01 -0.9791E-01
  0.5408E+01 -0.9371E-01
  0.5508E+01 -0.8647E-01
  0.5608E+01 -0.7643E-01
  0.5708E+01 -0.6393E-01
  0.5808E+01 -0.4938E-01
  0.5907E+01 -0.3324E-01
  0.6007E+01 -0.1601E-01
  0.6107E+01  0.1770E-02
  0.6206E+01  0.1953E-01
  0.6306E+01  0.3673E-01
  0.6405E+01  0.5280E-01
  0.6505E+01  0.6725E-01
  0.6605E+01  0.7959E-01
  0.6705E+01  0.8941E-01
  0.6806E+01  0.9637E-01
  0.6906E+01  0.1002E+00
  0.7006E+01  0.1009E+00
  0.7107E+01  0.9829E-01
  0.7207E+01  0.9255E-01
  0.7307E+01  0.8389E-01
  0.7407E+01  0.7262E-01
  0.7507E+01  0.5913E-01
  0.7607E+01  0.4388E-01
  0.7706E+01  0.2736E-01
  0.7806E+01  0.1012E-01
  0.7905E+01 -0.7326E-02
  0.8005E+01 -0.2442E-01
  0.8105E+01 -0.4065E-01
  0.8204E+01 -0.5554E-01
  0.8304E+01 -0.6862E-01
  0.8404E+01 -0.7952E-01
  0.8505E+01 -0.8788E-01
  0.8605E+01 -0.9346E-01
  0.8705E+01 -0.9605E-01
  0.8806E+01 -0.9562E-01
  0.8906E+01 -0.9214E-01
  0.9006E+01 -0.8571E-01
  0.9106E+01 -0.7652E-01
  0.9206E+01 -0.6485E-01
  0.9306E+01 -0.5104E-01
  0.9405E+01 -0.3550E-01
  0.9505E+01 -0.1869E-01
  0.9604E+01 -0.1129E-02
  0.9704E+01  0.1666E-01
  0.9804E+01  0.3410E-01
  0.9903E+01  0.5064E-01
  0.1000E+02  0.6573E-01
  0.1010E+02  0.7885E-01
  0.1020E+02  0.8953E-01
  0.1030E+02  0.9736E-01
  0.1040E+02  0.1020E+00
  0.1050E+02  0.1034E+00
  0.1060E+02  0.1013E+00
  0.1070E+02  0.9586E-01
  0.1080E+02  0.8725E-01
  0.1090E+02  0.7578E-01
  0.1100E+02  0.6184E-01
  0.1110E+02  0.4593E-01
  0.1120E+02  0.2859E-01
  0.1130E+02  0.1041E-01
  0.1140E+02 -0.8025E-02
  0.1150E+02 -0.2608E-01
  0.1160E+02 -0.4320E-01
  0.1170E+02 -0.5881E-01
  0.1180E+02 -0.7242E-01
  0.1190E+02 -0.8361E-01
  0.1200E+02 -0.9199E-01
  0.1210E+02 -0.9732E-01
  0.1220E+02 -0.9940E-01
  0.1230E+02 -0.9824E-01
  0.1240E+02 -0.9383E-01
  0.1250E+02 -0.8633E-01
  0.1260E+02 -0.7601E-01
  0.1270E+02 -0.6321E-01
  0.1280E+02 -0.4835E-01
  0.1290E+02 -0.3190E-01
  0.1300E+02 -0.1439E-01
  0.1310E+02  0.3639E-02
  0.1320E+02  0.2159E-01
  0.1330E+02  0.3891E-01
  0.1340E+02  0.5503E-01
  0.1350E+02  0.6942E-01
  0.1360E+02  0.8161E-01
  0.1370E+02  0.9117E-01
  0.1380E+02  0.9779E-01
  0.1390E+02  0.1012E+00
  0.1400E+02  0.1014E+00
  0.1410E+02  0.9825E-01
  0.1420E+02  0.9196E-01
  0.1430E+02  0.8276E-01
  0.1440E+02  0.7099E-01
  0.1450E+02  0.5706E-01
  0.1460E+02  0.4144E-01
  0.1470E+02  0.2465E-01
  0.1480E+02  0.7236E-02
  0.1490E+02 -0.1026E-01
  0.1500E+02 -0.2728E-01
  0.1510E+02 -0.4332E-01
  0.1520E+02 -0.5790E-01
  0.1531E+02 -0.7172E-01
  0.1540E+02 -0.8097E-01
  0.1550E+02 -0.8877E-01
  0.1560E+02 -0.9373E-01
  0.1570E+02 -0.9569E-01
  0.1580E+02 -0.9464E-01
  0.1590E+02 -0.9059E-01
  0.1600E+02 -0.8364E-01
  0.1610E+02 -0.7402E-01
  0.1620E+02 -0.6203E-01
  0.1630E+02 -0.4803E-01
  0.1640E+02 -0.3242E-01
  0.1650E+02 -0.1568E-01
  0.1661E+02  0.3433E-02
  0.1671E+02  0.2088E-01
  0.1681E+02  0.3781E-01
  0.1691E+02  0.5370E-01
  0.1701E+02  0.6803E-01
  0.1711E+02  0.8030E-01
  0.1721E+02  0.9009E-01
  0.1731E+02  0.9702E-01
  0.1741E+02  0.1008E+00
  0.1751E+02  0.1014E+00
  0.1760E+02  0.9912E-01
  0.1770E+02  0.9349E-01
  0.1780E+02  0.8482E-01
  0.1790E+02  0.7342E-01
  0.1800E+02  0.5967E-01
  0.1811E+02  0.4240E-01
  0.1821E+02  0.2529E-01
  0.1831E+02  0.7429E-02
  0.1841E+02 -0.1061E-01
  0.1851E+02 -0.2825E-01
  0.1861E+02 -0.4492E-01
  0.1871E+02 -0.6010E-01
  0.1881E+02 -0.7331E-01
  0.1891E+02 -0.8411E-01
  0.1901E+02 -0.9216E-01
  0.1911E+02 -0.9717E-01
  0.1921E+02 -0.9898E-01
  0.1931E+02 -0.9754E-01
  0.1941E+02 -0.9289E-01
  0.1951E+02 -0.8515E-01
  0.1961E+02 -0.7459E-01
  0.1971E+02 -0.6154E-01
  0.1981E+02 -0.4642E-01
  0.1991E+02 -0.2970E-01
  0.2001E+02 -0.1193E-01
  0.2011E+02  0.6334E-02
  0.2021E+02  0.2448E-01
  0.2031E+02  0.4193E-01
  0.2041E+02  0.5808E-01
  0.2051E+02  0.7239E-01
  0.2061E+02  0.8437E-01
  0.2071E+02  0.9360E-01
  0.2081E+02  0.9973E-01
  0.2091E+02  0.1026E+00
  0.2101E+02  0.1020E+00
  0.2111E+02  0.9815E-01
  0.2121E+02  0.9108E-01
  0.2131E+02  0.8110E-01
  0.2141E+02  0.6859E-01
  0.2151E+02  0.5399E-01
  0.2161E+02  0.3782E-01
  0.2171E+02  0.2061E-01
  0.2181E+02  0.2929E-02
  0.2191E+02 -0.1466E-01
  0.2201E+02 -0.3161E-01
  0.2211E+02 -0.4741E-01
  0.2221E+02 -0.6159E-01
  0.2230E+02 -0.7371E-01
  0.2241E+02 -0.8343E-01
  0.2251E+02 -0.9044E-01
  0.2261E+02 -0.9454E-01
  0.2271E+02 -0.9564E-01
  0.2281E+02 -0.9371E-01
  0.2291E+02 -0.8880E-01
  0.2301E+02 -0.8107E-01
  0.2311E+02 -0.7077E-01
  0.2321E+02 -0.5823E-01
  0.2331E+02 -0.4380E-01
  0.2341E+02 -0.2793E-01
  0.2351E+02 -0.1109E-01
  0.2360E+02  0.6202E-02
  0.2370E+02  0.2342E-01
  0.2380E+02  0.4004E-01
  0.2390E+02  0.5551E-01
  0.2400E+02  0.6934E-01
  0.2410E+02  0.8107E-01
  0.2420E+02  0.9027E-01
  0.2430E+02  0.9662E-01
  0.2440E+02  0.9989E-01
  0.2450E+02  0.9995E-01
  0.2461E+02  0.9680E-01
  0.2471E+02  0.9053E-01
  0.2481E+02  0.8136E-01
  0.2491E+02  0.6960E-01
  0.2500E+02  0.5566E-01
  0.2510E+02  0.3999E-01
  0.2520E+02  0.2310E-01
  0.2530E+02  0.5531E-02
  0.2540E+02 -0.1215E-01
  0.2550E+02 -0.2939E-01
  0.2560E+02 -0.4564E-01
  0.2570E+02 -0.6040E-01
  0.2580E+02 -0.7321E-01
  0.2590E+02 -0.8365E-01
  0.2600E+02 -0.9138E-01
  0.2610E+02 -0.9612E-01
  0.2620E+02 -0.9776E-01
  0.2630E+02 -0.9620E-01
  0.2640E+02 -0.9150E-01
  0.2650E+02 -0.8379E-01
  0.2660E+02 -0.7330E-01
  0.2670E+02 -0.6037E-01
  0.2680E+02 -0.4539E-01
  0.2690E+02 -0.2883E-01
  0.2700E+02 -0.1121E-01
  0.2710E+02  0.6914E-02
  0.2720E+02  0.2495E-01
  0.2730E+02  0.4230E-01
  0.2740E+02  0.5840E-01
  0.2750E+02  0.7268E-01
  0.2760E+02  0.8465E-01
  0.2770E+02  0.9388E-01
  0.2780E+02  0.1000E+00
  0.2790E+02  0.1028E+00
  0.2800E+02  0.1023E+00
  0.2810E+02  0.9834E-01
  0.2820E+02  0.9116E-01
  0.2830E+02  0.8104E-01
  0.2840E+02  0.6834E-01
  0.2850E+02  0.5351E-01
  0.2860E+02  0.3707E-01
  0.2870E+02  0.1959E-01
  0.2880E+02  0.1628E-02
  0.2890E+02 -0.1622E-01
  0.2901E+02 -0.3504E-01
  0.2911E+02 -0.5083E-01
  0.2921E+02 -0.6487E-01
  0.2931E+02 -0.7673E-01
  0.2941E+02 -0.8603E-01
  0.2951E+02 -0.9250E-01
  0.2960E+02 -0.9574E-01
  0.2970E+02 -0.9640E-01
  0.2980E+02 -0.9395E-01
  0.2990E+02 -0.8848E-01
  0.3000E+02 -0.8018E-01
  0.3010E+02 -0.6933E-01
  0.3020E+02 -0.5627E-01
  0.3030E+02 -0.4141E-01
  0.3041E+02 -0.2354E-01
  0.3051E+02 -0.6440E-02
  0.3061E+02  0.1092E-01
  0.3071E+02  0.2801E-01
  0.3081E+02  0.4429E-01
  0.3091E+02  0.5925E-01
  0.3101E+02  0.7240E-01
  0.3111E+02  0.8330E-01
  0.3121E+02  0.9160E-01
  0.3131E+02  0.9698E-01
  0.3141E+02  0.9929E-01
  0.3151E+02  0.9844E-01
  0.3161E+02  0.9445E-01
  0.3171E+02  0.8747E-01
  0.3181E+02  0.7774E-01
  0.3191E+02  0.6559E-01
  0.3201E+02  0.5143E-01
  0.3211E+02  0.3571E-01
  0.3221E+02  0.1893E-01
  0.3231E+02  0.1626E-02
  0.3241E+02 -0.1567E-01
  0.3251E+02 -0.3241E-01
  0.3261E+02 -0.4809E-01
  0.3271E+02 -0.6222E-01
  0.3281E+02 -0.7436E-01
  0.3291E+02 -0.8412E-01
  0.3301E+02 -0.9118E-01
  0.3311E+02 -0.9531E-01
  0.3321E+02 -0.9637E-01
  0.3331E+02 -0.9431E-01
  0.3341E+02 -0.8919E-01
  0.3351E+02 -0.8115E-01
  0.3361E+02 -0.7044E-01
  0.3371E+02 -0.5738E-01
  0.3381E+02 -0.4236E-01
  0.3391E+02 -0.2585E-01
  0.3401E+02 -0.8361E-02
  0.3411E+02  0.9558E-02
  0.3421E+02  0.2732E-01
  0.3430E+02  0.4435E-01
  0.3440E+02  0.6008E-01
  0.3450E+02  0.7397E-01
  0.3460E+02  0.8552E-01
  0.3470E+02  0.9431E-01
  0.3481E+02  0.1000E+00
  0.3491E+02  0.1024E+00
  0.3501E+02  0.1015E+00
  0.3511E+02  0.9718E-01
  0.3521E+02  0.8969E-01
  0.3531E+02  0.7928E-01
  0.3541E+02  0.6634E-01
  0.3551E+02  0.5131E-01
  0.3561E+02  0.3472E-01
  0.3570E+02  0.1713E-01
  0.3580E+02 -0.8943E-03
  0.3590E+02 -0.1875E-01
  0.3600E+02 -0.3587E-01
  0.3610E+02 -0.5172E-01
  0.3620E+02 -0.6580E-01
  0.3630E+02 -0.7767E-01
  0.3640E+02 -0.8695E-01
  0.3650E+02 -0.9335E-01
  0.3660E+02 -0.9668E-01
  0.3670E+02 -0.9685E-01
  0.3680E+02 -0.9387E-01
  0.3690E+02 -0.8784E-01
  0.3700E+02 -0.7896E-01
  0.3710E+02 -0.6753E-01
  0.3720E+02 -0.5392E-01
  0.3730E+02 -0.3856E-01
  0.3740E+02 -0.2193E-01
  0.3750E+02 -0.4545E-02
  0.3760E+02  0.1304E-01
  0.3770E+02  0.3026E-01
  0.3780E+02  0.4658E-01
  0.3790E+02  0.6146E-01
  0.3800E+02  0.7442E-01
  0.3810E+02  0.8503E-01
  0.3820E+02  0.9291E-01
  0.3830E+02  0.9781E-01
  0.3840E+02  0.9957E-01
  0.3850E+02  0.9812E-01
  0.3860E+02  0.9355E-01
  0.3870E+02  0.8602E-01
  0.3880E+02  0.7580E-01
  0.3890E+02  0.6326E-01
  0.3900E+02  0.4881E-01
  0.3910E+02  0.3292E-01
  0.3920E+02  0.1612E-01
  0.3930E+02 -0.1079E-02
  0.3940E+02 -0.1813E-01
  0.3951E+02 -0.3610E-01
  0.3961E+02 -0.5119E-01
  0.3971E+02 -0.6461E-01
  0.3981E+02 -0.7596E-01
  0.3991E+02 -0.8489E-01
  0.4000E+02 -0.9061E-01
  0.4010E+02 -0.9422E-01
  0.4020E+02 -0.9482E-01
  0.4030E+02 -0.9241E-01
  0.4040E+02 -0.8704E-01
  0.4050E+02 -0.7887E-01
  0.4060E+02 -0.6814E-01
  0.4070E+02 -0.5517E-01
  0.4080E+02 -0.4034E-01
  0.4091E+02 -0.2242E-01
  0.4101E+02 -0.5202E-02
  0.4111E+02  0.1235E-01
  0.4121E+02  0.2968E-01
  0.4131E+02  0.4623E-01
  0.4141E+02  0.6144E-01
  0.4151E+02  0.7480E-01
  0.4161E+02  0.8584E-01
  0.4171E+02  0.9415E-01
  0.4181E+02  0.9941E-01
  0.4191E+02  0.1015E+00
  0.4201E+02  0.1001E+00
  0.4211E+02  0.9554E-01
  0.4221E+02  0.8782E-01
  0.4231E+02  0.7723E-01
  0.4241E+02  0.6415E-01
  0.4251E+02  0.4904E-01
  0.4261E+02  0.3241E-01
  0.4271E+02  0.1481E-01
  0.4281E+02 -0.3168E-02
  0.4291E+02 -0.2094E-01
  0.4301E+02 -0.3794E-01
  0.4311E+02 -0.5362E-01
  0.4321E+02 -0.6749E-01
  0.4331E+02 -0.7910E-01
  0.4341E+02 -0.8808E-01
  0.4351E+02 -0.9414E-01
  0.4361E+02 -0.9709E-01
  0.4371E+02 -0.9685E-01
  0.4381E+02 -0.9344E-01
  0.4391E+02 -0.8698E-01
  0.4401E+02 -0.7767E-01
  0.4411E+02 -0.6582E-01
  0.4421E+02 -0.5182E-01
  0.4431E+02 -0.3611E-01
  0.4441E+02 -0.1918E-01
  0.4451E+02 -0.1580E-02
  0.4460E+02  0.1614E-01
  0.4470E+02  0.3340E-01
  0.4480E+02  0.4965E-01
  0.4490E+02  0.6436E-01
  0.4500E+02  0.7703E-01
  0.4510E+02  0.8724E-01
  0.4520E+02  0.9462E-01
  0.4530E+02  0.9894E-01
  0.4540E+02  0.1000E+00
  0.4551E+02  0.9791E-01
  0.4561E+02  0.9263E-01
  0.4571E+02  0.8441E-01
  0.4581E+02  0.7355E-01
  0.4590E+02  0.6042E-01
  0.4600E+02  0.4549E-01
  0.4610E+02  0.2924E-01
  0.4620E+02  0.1220E-01
  0.4630E+02 -0.5079E-02
  0.4640E+02 -0.2206E-01
  0.4650E+02 -0.3822E-01
  0.4660E+02 -0.5307E-01
  0.4670E+02 -0.6617E-01
  0.4680E+02 -0.7711E-01
  0.4690E+02 -0.8557E-01
  0.4700E+02 -0.9127E-01
  0.4710E+02 -0.9406E-01
  0.4720E+02 -0.9385E-01
  0.4730E+02 -0.9067E-01
  0.4740E+02 -0.8460E-01
  0.4750E+02 -0.7583E-01
  0.4760E+02 -0.6463E-01
  0.4770E+02 -0.5134E-01
  0.4780E+02 -0.3634E-01
  0.4790E+02 -0.2010E-01
  0.4800E+02 -0.3102E-02
  0.4810E+02  0.1414E-01
  0.4820E+02  0.3107E-01
  0.4831E+02  0.4870E-01
  0.4841E+02  0.6327E-01
  0.4851E+02  0.7593E-01
  0.4861E+02  0.8625E-01
  0.4870E+02  0.9322E-01
  0.4880E+02  0.9814E-01
  0.4890E+02  0.9990E-01
  0.4900E+02  0.9841E-01
  0.4910E+02  0.9373E-01
  0.4920E+02  0.8603E-01
  0.4930E+02  0.7554E-01
  0.4940E+02  0.6264E-01
  0.4950E+02  0.4776E-01
  0.4961E+02  0.2970E-01
  0.4971E+02  0.1231E-01
  0.4981E+02 -0.5400E-02
  0.4991E+02 -0.2287E-01
  0.5001E+02 -0.3954E-01
