  0.1004E+00  0.7155E-01
  0.2008E+00  0.6911E-01
  0.3010E+00  0.6534E-01
  0.4010E+00  0.6031E-01
  0.5008E+00  0.5412E-01
  0.6004E+00  0.4690E-01
  0.7099E+00  0.3797E-01
  0.8092E+00  0.2912E-01
  0.9084E+00  0.1978E-01
  0.1008E+01  0.1013E-01
  0.1107E+01  0.3658E-03
  0.1206E+01 -0.9323E-02
  0.1305E+01 -0.1875E-01
  0.1404E+01 -0.2775E-01
  0.1504E+01 -0.3616E-01
  0.1603E+01 -0.4381E-01
  0.1703E+01 -0.5057E-01
  0.1803E+01 -0.5632E-01
  0.1903E+01 -0.6094E-01
  0.2003E+01 -0.6434E-01
  0.2103E+01 -0.6644E-01
  0.2204E+01 -0.6720E-01
  0.2304E+01 -0.6660E-01
  0.2404E+01 -0.6464E-01
  0.2505E+01 -0.6138E-01
  0.2605E+01 -0.5688E-01
  0.2704E+01 -0.5124E-01
  0.2804E+01 -0.4457E-01
  0.2904E+01 -0.3702E-01
  0.3003E+01 -0.2874E-01
  0.3102E+01 -0.1989E-01
  0.3202E+01 -0.1066E-01
  0.3301E+01 -0.1243E-02
  0.3410E+01  0.9113E-02
  0.3509E+01  0.1832E-01
  0.3608E+01  0.2713E-01
  0.3708E+01  0.3538E-01
  0.3807E+01  0.4291E-01
  0.3907E+01  0.4957E-01
  0.4006E+01  0.5525E-01
  0.4106E+01  0.5982E-01
  0.4207E+01  0.6322E-01
  0.4307E+01  0.6538E-01
  0.4407E+01  0.6625E-01
  0.4508E+01  0.6583E-01
  0.4608E+01  0.6412E-01
  0.4708E+01  0.6116E-01
  0.4808E+01  0.5703E-01
  0.4908E+01  0.5181E-01
  0.5008E+01  0.4560E-01
  0.5108E+01  0.3853E-01
  0.5207E+01  0.3074E-01
  0.5307E+01  0.2238E-01
  0.5406E+01  0.1362E-01
  0.5505E+01  0.4637E-02
  0.5604E+01 -0.4399E-02
  0.5704E+01 -0.1331E-01
  0.5803E+01 -0.2190E-01
  0.5902E+01 -0.3002E-01
  0.6002E+01 -0.3750E-01
  0.6102E+01 -0.4418E-01
  0.6201E+01 -0.4995E-01
  0.6301E+01 -0.5468E-01
  0.6401E+01 -0.5828E-01
  0.6502E+01 -0.6069E-01
  0.6602E+01 -0.6185E-01
  0.6702E+01 -0.6174E-01
  0.6803E+01 -0.6038E-01
  0.6903E+01 -0.5780E-01
  0.7003E+01 -0.5406E-01
  0.7103E+01 -0.4925E-01
  0.7203E+01 -0.4348E-01
  0.7303E+01 -0.3685E-01
  0.7403E+01 -0.2951E-01
  0.7502E+01 -0.2160E-01
  0.7602E+01 -0.1327E-01
  0.7701E+01 -0.4693E-02
  0.7800E+01  0.3971E-02
  0.7910E+01  0.1340E-01
  0.8009E+01  0.2170E-01
  0.8108E+01  0.2957E-01
  0.8208E+01  0.3686E-01
  0.8308E+01  0.4343E-01
  0.8407E+01  0.4914E-01
  0.8507E+01  0.5387E-01
  0.8608E+01  0.5753E-01
  0.8708E+01  0.6006E-01
  0.8808E+01  0.6138E-01
  0.8909E+01  0.6148E-01
  0.9009E+01  0.6036E-01
  0.9110E+01  0.5805E-01
  0.9210E+01  0.5461E-01
  0.9300E+01  0.5061E-01
  0.9400E+01  0.4525E-01
  0.9510E+01  0.3837E-01
  0.9610E+01  0.3138E-01
  0.9709E+01  0.2382E-01
  0.9809E+01  0.1584E-01
  0.9908E+01  0.7610E-02
  0.1001E+02 -0.7210E-03
  0.1011E+02 -0.8987E-02
  0.1021E+02 -0.1703E-01
  0.1031E+02 -0.2469E-01
  0.1041E+02 -0.3182E-01
  0.1051E+02 -0.3829E-01
  0.1060E+02 -0.4397E-01
  0.1070E+02 -0.4874E-01
  0.1081E+02 -0.5251E-01
  0.1091E+02 -0.5520E-01
  0.1101E+02 -0.5676E-01
  0.1111E+02 -0.5715E-01
  0.1121E+02 -0.5637E-01
  0.1131E+02 -0.5444E-01
  0.1141E+02 -0.5141E-01
  0.1151E+02 -0.4734E-01
  0.1161E+02 -0.4232E-01
  0.1171E+02 -0.3646E-01
  0.1181E+02 -0.2988E-01
  0.1191E+02 -0.2272E-01
  0.1201E+02 -0.1512E-01
  0.1211E+02 -0.7234E-02
  0.1221E+02  0.7776E-03
  0.1230E+02  0.8759E-02
  0.1240E+02  0.1655E-01
  0.1250E+02  0.2401E-01
  0.1260E+02  0.3098E-01
  0.1270E+02  0.3734E-01
  0.1280E+02  0.4295E-01
  0.1290E+02  0.4771E-01
  0.1300E+02  0.5153E-01
  0.1310E+02  0.5434E-01
  0.1320E+02  0.5607E-01
  0.1330E+02  0.5669E-01
  0.1340E+02  0.5620E-01
  0.1351E+02  0.5459E-01
  0.1361E+02  0.5193E-01
  0.1371E+02  0.4825E-01
  0.1381E+02  0.4365E-01
  0.1391E+02  0.3821E-01
  0.1401E+02  0.3205E-01
  0.1411E+02  0.2530E-01
  0.1420E+02  0.1808E-01
  0.1430E+02  0.1056E-01
  0.1440E+02  0.2865E-02
  0.1450E+02 -0.4834E-02
  0.1460E+02 -0.1239E-01
  0.1470E+02 -0.1966E-01
  0.1480E+02 -0.2648E-01
  0.1490E+02 -0.3274E-01
  0.1500E+02 -0.3831E-01
  0.1510E+02 -0.4307E-01
  0.1520E+02 -0.4695E-01
  0.1530E+02 -0.4985E-01
  0.1540E+02 -0.5172E-01
  0.1550E+02 -0.5253E-01
  0.1560E+02 -0.5227E-01
  0.1570E+02 -0.5094E-01
  0.1580E+02 -0.4857E-01
  0.1590E+02 -0.4523E-01
  0.1600E+02 -0.4098E-01
  0.1610E+02 -0.3591E-01
  0.1620E+02 -0.3013E-01
  0.1630E+02 -0.2376E-01
  0.1640E+02 -0.1692E-01
  0.1650E+02 -0.9752E-02
  0.1660E+02 -0.2391E-02
  0.1670E+02  0.5015E-02
  0.1680E+02  0.1232E-01
  0.1690E+02  0.1938E-01
  0.1700E+02  0.2605E-01
  0.1710E+02  0.3221E-01
  0.1720E+02  0.3772E-01
  0.1730E+02  0.4249E-01
  0.1740E+02  0.4641E-01
  0.1750E+02  0.4941E-01
  0.1760E+02  0.5143E-01
  0.1770E+02  0.5242E-01
  0.1780E+02  0.5237E-01
  0.1790E+02  0.5128E-01
  0.1800E+02  0.4919E-01
  0.1810E+02  0.4614E-01
  0.1820E+02  0.4220E-01
  0.1831E+02  0.3746E-01
  0.1841E+02  0.3203E-01
  0.1850E+02  0.2600E-01
  0.1860E+02  0.1950E-01
  0.1870E+02  0.1266E-01
  0.1880E+02  0.5621E-02
  0.1890E+02 -0.1488E-02
  0.1900E+02 -0.8525E-02
  0.1910E+02 -0.1535E-01
  0.1920E+02 -0.2184E-01
  0.1930E+02 -0.2785E-01
  0.1940E+02 -0.3327E-01
  0.1950E+02 -0.3800E-01
  0.1960E+02 -0.4194E-01
  0.1970E+02 -0.4502E-01
  0.1980E+02 -0.4716E-01
  0.1990E+02 -0.4832E-01
  0.2000E+02 -0.4849E-01
  0.2010E+02 -0.4766E-01
  0.2021E+02 -0.4585E-01
  0.2031E+02 -0.4310E-01
  0.2041E+02 -0.3948E-01
  0.2051E+02 -0.3507E-01
  0.2061E+02 -0.2996E-01
  0.2071E+02 -0.2425E-01
  0.2081E+02 -0.1806E-01
  0.2091E+02 -0.1153E-01
  0.2101E+02 -0.4771E-02
  0.2111E+02  0.2072E-02
  0.2120E+02  0.8865E-02
  0.2130E+02  0.1548E-01
  0.2140E+02  0.2178E-01
  0.2150E+02  0.2764E-01
  0.2160E+02  0.3296E-01
  0.2170E+02  0.3762E-01
  0.2180E+02  0.4154E-01
  0.2190E+02  0.4464E-01
  0.2200E+02  0.4685E-01
  0.2211E+02  0.4814E-01
  0.2221E+02  0.4848E-01
  0.2231E+02  0.4786E-01
  0.2241E+02  0.4629E-01
  0.2251E+02  0.4383E-01
  0.2261E+02  0.4051E-01
  0.2271E+02  0.3641E-01
  0.2281E+02  0.3163E-01
  0.2291E+02  0.2625E-01
  0.2301E+02  0.2039E-01
  0.2311E+02  0.1416E-01
  0.2321E+02  0.7697E-02
  0.2331E+02  0.1123E-02
  0.2341E+02 -0.5429E-02
  0.2351E+02 -0.1183E-01
  0.2361E+02 -0.1795E-01
  0.2371E+02 -0.2368E-01
  0.2381E+02 -0.2889E-01
  0.2391E+02 -0.3349E-01
  0.2401E+02 -0.3739E-01
  0.2411E+02 -0.4051E-01
  0.2421E+02 -0.4279E-01
  0.2431E+02 -0.4418E-01
  0.2441E+02 -0.4466E-01
  0.2451E+02 -0.4422E-01
  0.2461E+02 -0.4287E-01
  0.2471E+02 -0.4064E-01
  0.2481E+02 -0.3759E-01
  0.2490E+02 -0.3420E-01
  0.2500E+02 -0.2977E-01
  0.2510E+02 -0.2475E-01
  0.2520E+02 -0.1924E-01
  0.2530E+02 -0.1334E-01
  0.2541E+02 -0.6555E-02
  0.2551E+02 -0.2468E-03
  0.2561E+02  0.6065E-02
  0.2571E+02  0.1226E-01
  0.2581E+02  0.1820E-01
  0.2591E+02  0.2379E-01
  0.2601E+02  0.2890E-01
  0.2611E+02  0.3344E-01
  0.2621E+02  0.3731E-01
  0.2631E+02  0.4044E-01
  0.2641E+02  0.4277E-01
  0.2650E+02  0.4415E-01
  0.2660E+02  0.4484E-01
  0.2670E+02  0.4464E-01
  0.2680E+02  0.4356E-01
  0.2690E+02  0.4163E-01
  0.2700E+02  0.3889E-01
  0.2710E+02  0.3541E-01
  0.2720E+02  0.3125E-01
  0.2730E+02  0.2652E-01
  0.2740E+02  0.2129E-01
  0.2750E+02  0.1568E-01
  0.2760E+02  0.9796E-02
  0.2770E+02  0.3760E-02
  0.2780E+02 -0.2311E-02
  0.2790E+02 -0.8297E-02
  0.2800E+02 -0.1408E-01
  0.2810E+02 -0.1954E-01
  0.2820E+02 -0.2458E-01
  0.2830E+02 -0.2910E-01
  0.2840E+02 -0.3300E-01
  0.2850E+02 -0.3621E-01
  0.2860E+02 -0.3867E-01
  0.2870E+02 -0.4032E-01
  0.2880E+02 -0.4113E-01
  0.2891E+02 -0.4108E-01
  0.2901E+02 -0.4019E-01
  0.2911E+02 -0.3847E-01
  0.2921E+02 -0.3597E-01
  0.2931E+02 -0.3273E-01
  0.2941E+02 -0.2882E-01
  0.2951E+02 -0.2434E-01
  0.2961E+02 -0.1937E-01
  0.2971E+02 -0.1402E-01
  0.2981E+02 -0.8393E-02
  0.2991E+02 -0.2601E-02
  0.3001E+02  0.3241E-02
  0.3011E+02  0.9016E-02
  0.3021E+02  0.1461E-01
  0.3031E+02  0.1992E-01
  0.3041E+02  0.2483E-01
  0.3051E+02  0.2925E-01
  0.3061E+02  0.3309E-01
  0.3071E+02  0.3627E-01
  0.3081E+02  0.3874E-01
  0.3091E+02  0.4045E-01
  0.3101E+02  0.4135E-01
  0.3111E+02  0.4143E-01
  0.3121E+02  0.4070E-01
  0.3130E+02  0.3935E-01
  0.3140E+02  0.3713E-01
  0.3150E+02  0.3419E-01
  0.3160E+02  0.3060E-01
  0.3170E+02  0.2643E-01
  0.3180E+02  0.2177E-01
  0.3190E+02  0.1671E-01
  0.3200E+02  0.1135E-01
  0.3210E+02  0.5815E-02
  0.3220E+02  0.1995E-03
  0.3230E+02 -0.5379E-02
  0.3240E+02 -0.1081E-01
  0.3250E+02 -0.1599E-01
  0.3260E+02 -0.2081E-01
  0.3270E+02 -0.2518E-01
  0.3280E+02 -0.2901E-01
  0.3290E+02 -0.3223E-01
  0.3300E+02 -0.3478E-01
  0.3310E+02 -0.3660E-01
  0.3320E+02 -0.3765E-01
  0.3330E+02 -0.3793E-01
  0.3340E+02 -0.3742E-01
  0.3351E+02 -0.3613E-01
  0.3361E+02 -0.3411E-01
  0.3371E+02 -0.3138E-01
  0.3381E+02 -0.2801E-01
  0.3391E+02 -0.2408E-01
  0.3401E+02 -0.1966E-01
  0.3411E+02 -0.1485E-01
  0.3421E+02 -0.9735E-02
  0.3431E+02 -0.4428E-02
  0.3441E+02  0.9678E-03
  0.3451E+02  0.6345E-02
  0.3461E+02  0.1160E-01
  0.3471E+02  0.1662E-01
  0.3481E+02  0.2131E-01
  0.3491E+02  0.2558E-01
  0.3501E+02  0.2935E-01
  0.3511E+02  0.3253E-01
  0.3521E+02  0.3507E-01
  0.3531E+02  0.3691E-01
  0.3541E+02  0.3803E-01
  0.3551E+02  0.3839E-01
  0.3560E+02  0.3807E-01
  0.3570E+02  0.3699E-01
  0.3580E+02  0.3520E-01
  0.3590E+02  0.3273E-01
  0.3600E+02  0.2964E-01
  0.3610E+02  0.2598E-01
  0.3620E+02  0.2184E-01
  0.3630E+02  0.1730E-01
  0.3640E+02  0.1245E-01
  0.3650E+02  0.7385E-02
  0.3660E+02  0.2212E-02
  0.3670E+02 -0.2967E-02
  0.3680E+02 -0.8051E-02
  0.3690E+02 -0.1294E-01
  0.3700E+02 -0.1753E-01
  0.3710E+02 -0.2174E-01
  0.3720E+02 -0.2548E-01
  0.3730E+02 -0.2868E-01
  0.3740E+02 -0.3127E-01
  0.3750E+02 -0.3321E-01
  0.3761E+02 -0.3445E-01
  0.3771E+02 -0.3497E-01
  0.3781E+02 -0.3476E-01
  0.3791E+02 -0.3383E-01
  0.3801E+02 -0.3220E-01
  0.3811E+02 -0.2991E-01
  0.3821E+02 -0.2701E-01
  0.3831E+02 -0.2355E-01
  0.3841E+02 -0.1962E-01
  0.3851E+02 -0.1529E-01
  0.3861E+02 -0.1066E-01
  0.3871E+02 -0.5808E-02
  0.3881E+02 -0.8417E-03
  0.3891E+02  0.4142E-02
  0.3901E+02  0.9046E-02
  0.3911E+02  0.1377E-01
  0.3921E+02  0.1823E-01
  0.3930E+02  0.2193E-01
  0.3940E+02  0.2563E-01
  0.3950E+02  0.2883E-01
  0.3960E+02  0.3146E-01
  0.3970E+02  0.3347E-01
  0.3980E+02  0.3481E-01
  0.3990E+02  0.3547E-01
  0.4000E+02  0.3543E-01
  0.4010E+02  0.3469E-01
  0.4020E+02  0.3327E-01
  0.4031E+02  0.3120E-01
  0.4041E+02  0.2854E-01
  0.4051E+02  0.2533E-01
  0.4061E+02  0.2165E-01
  0.4071E+02  0.1757E-01
  0.4081E+02  0.1318E-01
  0.4091E+02  0.8554E-02
  0.4101E+02  0.3796E-02
  0.4111E+02 -0.1000E-02
  0.4121E+02 -0.5740E-02
  0.4131E+02 -0.1033E-01
  0.4141E+02 -0.1467E-01
  0.4151E+02 -0.1869E-01
  0.4161E+02 -0.2230E-01
  0.4171E+02 -0.2544E-01
  0.4181E+02 -0.2803E-01
  0.4191E+02 -0.3003E-01
  0.4201E+02 -0.3140E-01
  0.4211E+02 -0.3211E-01
  0.4220E+02 -0.3218E-01
  0.4230E+02 -0.3162E-01
  0.4240E+02 -0.3040E-01
  0.4250E+02 -0.2855E-01
  0.4260E+02 -0.2612E-01
  0.4270E+02 -0.2314E-01
  0.4280E+02 -0.1970E-01
  0.4290E+02 -0.1585E-01
  0.4300E+02 -0.1168E-01
  0.4310E+02 -0.7277E-02
  0.4320E+02 -0.2722E-02
  0.4330E+02  0.1890E-02
  0.4340E+02  0.6467E-02
  0.4350E+02  0.1092E-01
  0.4360E+02  0.1516E-01
  0.4370E+02  0.1910E-01
  0.4381E+02  0.2266E-01
  0.4391E+02  0.2578E-01
  0.4401E+02  0.2838E-01
  0.4411E+02  0.3043E-01
  0.4421E+02  0.3188E-01
  0.4431E+02  0.3270E-01
  0.4441E+02  0.3287E-01
  0.4451E+02  0.3239E-01
  0.4461E+02  0.3129E-01
  0.4470E+02  0.2977E-01
  0.4480E+02  0.2754E-01
  0.4490E+02  0.2479E-01
  0.4500E+02  0.2158E-01
  0.4510E+02  0.1796E-01
  0.4520E+02  0.1401E-01
  0.4530E+02  0.9821E-02
  0.4540E+02  0.5467E-02
  0.4550E+02  0.1039E-02
  0.4560E+02 -0.3375E-02
  0.4570E+02 -0.7687E-02
  0.4580E+02 -0.1181E-01
  0.4590E+02 -0.1567E-01
  0.4600E+02 -0.1917E-01
  0.4610E+02 -0.2226E-01
  0.4620E+02 -0.2488E-01
  0.4630E+02 -0.2696E-01
  0.4641E+02 -0.2848E-01
  0.4651E+02 -0.2940E-01
  0.4661E+02 -0.2969E-01
  0.4671E+02 -0.2937E-01
  0.4681E+02 -0.2844E-01
  0.4691E+02 -0.2691E-01
  0.4701E+02 -0.2482E-01
  0.4711E+02 -0.2223E-01
  0.4720E+02 -0.1950E-01
  0.4730E+02 -0.1609E-01
  0.4740E+02 -0.1235E-01
  0.4750E+02 -0.8361E-02
  0.4760E+02 -0.4200E-02
  0.4770E+02  0.4978E-04
  0.4780E+02  0.4303E-02
  0.4790E+02  0.8474E-02
  0.4800E+02  0.1248E-01
  0.4810E+02  0.1624E-01
  0.4820E+02  0.1969E-01
  0.4830E+02  0.2275E-01
  0.4840E+02  0.2536E-01
  0.4850E+02  0.2747E-01
  0.4860E+02  0.2904E-01
  0.4870E+02  0.3004E-01
  0.4881E+02  0.3045E-01
  0.4891E+02  0.3026E-01
  0.4901E+02  0.2947E-01
  0.4911E+02  0.2812E-01
  0.4921E+02  0.2622E-01
  0.4931E+02  0.2382E-01
  0.4941E+02  0.2097E-01
  0.4951E+02  0.1773E-01
  0.4961E+02  0.1417E-01
  0.4971E+02  0.1035E-01
  0.4980E+02  0.6769E-02
  0.4990E+02  0.2693E-02
  0.5000E+02 -0.1401E-02
