  0.1004E+00  0.9888E-01
  0.2008E+00  0.9581E-01
  0.3010E+00  0.9093E-01
  0.4010E+00  0.8434E-01
  0.5008E+00  0.7618E-01
  0.6004E+00  0.6661E-01
  0.7099E+00  0.5469E-01
  0.8092E+00  0.4282E-01
  0.9084E+00  0.3021E-01
  0.1008E+01  0.1709E-01
  0.1107E+01  0.3729E-02
  0.1206E+01 -0.9626E-02
  0.1305E+01 -0.2272E-01
  0.1404E+01 -0.3530E-01
  0.1504E+01 -0.4714E-01
  0.1603E+01 -0.5802E-01
  0.1703E+01 -0.6773E-01
  0.1803E+01 -0.7609E-01
  0.1903E+01 -0.8295E-01
  0.2003E+01 -0.8816E-01
  0.2103E+01 -0.9161E-01
  0.2204E+01 -0.9322E-01
  0.2304E+01 -0.9298E-01
  0.2404E+01 -0.9086E-01
  0.2505E+01 -0.8689E-01
  0.2605E+01 -0.8116E-01
  0.2704E+01 -0.7375E-01
  0.2804E+01 -0.6482E-01
  0.2904E+01 -0.5452E-01
  0.3003E+01 -0.4304E-01
  0.3102E+01 -0.3060E-01
  0.3202E+01 -0.1744E-01
  0.3301E+01 -0.3808E-02
  0.3410E+01  0.1140E-01
  0.3509E+01  0.2510E-01
  0.3608E+01  0.3840E-01
  0.3708E+01  0.5101E-01
  0.3807E+01  0.6265E-01
  0.3907E+01  0.7306E-01
  0.4006E+01  0.8200E-01
  0.4106E+01  0.8926E-01
  0.4207E+01  0.9466E-01
  0.4307E+01  0.9808E-01
  0.4407E+01  0.9942E-01
  0.4508E+01  0.9869E-01
  0.4608E+01  0.9587E-01
  0.4708E+01  0.9106E-01
  0.4808E+01  0.8439E-01
  0.4908E+01  0.7606E-01
  0.5008E+01  0.6627E-01
  0.5108E+01  0.5526E-01
  0.5207E+01  0.4330E-01
  0.5307E+01  0.3065E-01
  0.5406E+01  0.1760E-01
  0.5505E+01  0.4426E-02
  0.5604E+01 -0.8605E-02
  0.5704E+01 -0.2124E-01
  0.5803E+01 -0.3323E-01
  0.5902E+01 -0.4437E-01
  0.6002E+01 -0.5446E-01
  0.6102E+01 -0.6332E-01
  0.6201E+01 -0.7081E-01
  0.6301E+01 -0.7681E-01
  0.6401E+01 -0.8123E-01
  0.6502E+01 -0.8401E-01
  0.6602E+01 -0.8510E-01
  0.6702E+01 -0.8455E-01
  0.6803E+01 -0.8233E-01
  0.6903E+01 -0.7851E-01
  0.7003E+01 -0.7320E-01
  0.7103E+01 -0.6649E-01
  0.7203E+01 -0.5853E-01
  0.7303E+01 -0.4947E-01
  0.7403E+01 -0.3948E-01
  0.7502E+01 -0.2873E-01
  0.7602E+01 -0.1743E-01
  0.7701E+01 -0.5771E-02
  0.7800E+01  0.6028E-02
  0.7910E+01  0.1891E-01
  0.8009E+01  0.3029E-01
  0.8108E+01  0.4115E-01
  0.8208E+01  0.5126E-01
  0.8308E+01  0.6043E-01
  0.8407E+01  0.6847E-01
  0.8507E+01  0.7521E-01
  0.8608E+01  0.8051E-01
  0.8708E+01  0.8425E-01
  0.8808E+01  0.8635E-01
  0.8909E+01  0.8676E-01
  0.9009E+01  0.8547E-01
  0.9110E+01  0.8248E-01
  0.9210E+01  0.7788E-01
  0.9300E+01  0.7245E-01
  0.9400E+01  0.6510E-01
  0.9510E+01  0.5560E-01
  0.9610E+01  0.4588E-01
  0.9709E+01  0.3533E-01
  0.9809E+01  0.2416E-01
  0.9908E+01  0.1261E-01
  0.1001E+02  0.8895E-03
  0.1011E+02 -0.1076E-01
  0.1021E+02 -0.2211E-01
  0.1031E+02 -0.3296E-01
  0.1041E+02 -0.4308E-01
  0.1051E+02 -0.5230E-01
  0.1060E+02 -0.6043E-01
  0.1070E+02 -0.6733E-01
  0.1081E+02 -0.7285E-01
  0.1091E+02 -0.7689E-01
  0.1101E+02 -0.7936E-01
  0.1111E+02 -0.8021E-01
  0.1121E+02 -0.7944E-01
  0.1131E+02 -0.7704E-01
  0.1141E+02 -0.7306E-01
  0.1151E+02 -0.6758E-01
  0.1161E+02 -0.6071E-01
  0.1171E+02 -0.5259E-01
  0.1181E+02 -0.4337E-01
  0.1191E+02 -0.3323E-01
  0.1201E+02 -0.2238E-01
  0.1211E+02 -0.1101E-01
  0.1221E+02  0.6270E-03
  0.1230E+02  0.1231E-01
  0.1240E+02  0.2380E-01
  0.1250E+02  0.3485E-01
  0.1260E+02  0.4523E-01
  0.1270E+02  0.5472E-01
  0.1280E+02  0.6311E-01
  0.1290E+02  0.7022E-01
  0.1300E+02  0.7590E-01
  0.1310E+02  0.8000E-01
  0.1320E+02  0.8245E-01
  0.1330E+02  0.8319E-01
  0.1340E+02  0.8223E-01
  0.1351E+02  0.7957E-01
  0.1361E+02  0.7530E-01
  0.1371E+02  0.6954E-01
  0.1381E+02  0.6244E-01
  0.1391E+02  0.5417E-01
  0.1401E+02  0.4492E-01
  0.1411E+02  0.3491E-01
  0.1420E+02  0.2436E-01
  0.1430E+02  0.1347E-01
  0.1440E+02  0.2491E-02
  0.1450E+02 -0.8370E-02
  0.1460E+02 -0.1891E-01
  0.1470E+02 -0.2892E-01
  0.1480E+02 -0.3822E-01
  0.1490E+02 -0.4665E-01
  0.1500E+02 -0.5407E-01
  0.1510E+02 -0.6034E-01
  0.1520E+02 -0.6536E-01
  0.1530E+02 -0.6906E-01
  0.1540E+02 -0.7136E-01
  0.1550E+02 -0.7225E-01
  0.1560E+02 -0.7172E-01
  0.1570E+02 -0.6978E-01
  0.1580E+02 -0.6647E-01
  0.1590E+02 -0.6188E-01
  0.1600E+02 -0.5608E-01
  0.1610E+02 -0.4921E-01
  0.1620E+02 -0.4138E-01
  0.1630E+02 -0.3274E-01
  0.1640E+02 -0.2345E-01
  0.1650E+02 -0.1369E-01
  0.1660E+02 -0.3616E-02
  0.1670E+02  0.6568E-02
  0.1680E+02  0.1667E-01
  0.1690E+02  0.2650E-01
  0.1700E+02  0.3587E-01
  0.1710E+02  0.4459E-01
  0.1720E+02  0.5248E-01
  0.1730E+02  0.5938E-01
  0.1740E+02  0.6514E-01
  0.1750E+02  0.6963E-01
  0.1760E+02  0.7276E-01
  0.1770E+02  0.7444E-01
  0.1780E+02  0.7464E-01
  0.1790E+02  0.7336E-01
  0.1800E+02  0.7059E-01
  0.1810E+02  0.6643E-01
  0.1820E+02  0.6096E-01
  0.1831E+02  0.5430E-01
  0.1841E+02  0.4660E-01
  0.1850E+02  0.3803E-01
  0.1860E+02  0.2877E-01
  0.1870E+02  0.1901E-01
  0.1880E+02  0.8951E-02
  0.1890E+02 -0.1201E-02
  0.1900E+02 -0.1124E-01
  0.1910E+02 -0.2098E-01
  0.1920E+02 -0.3021E-01
  0.1930E+02 -0.3877E-01
  0.1940E+02 -0.4650E-01
  0.1950E+02 -0.5323E-01
  0.1960E+02 -0.5885E-01
  0.1970E+02 -0.6325E-01
  0.1980E+02 -0.6634E-01
  0.1990E+02 -0.6806E-01
  0.2000E+02 -0.6838E-01
  0.2010E+02 -0.6732E-01
  0.2021E+02 -0.6486E-01
  0.2031E+02 -0.6108E-01
  0.2041E+02 -0.5605E-01
  0.2051E+02 -0.4988E-01
  0.2061E+02 -0.4269E-01
  0.2071E+02 -0.3463E-01
  0.2081E+02 -0.2584E-01
  0.2091E+02 -0.1652E-01
  0.2101E+02 -0.6835E-02
  0.2111E+02  0.3016E-02
  0.2120E+02  0.1283E-01
  0.2130E+02  0.2241E-01
  0.2140E+02  0.3156E-01
  0.2150E+02  0.4010E-01
  0.2160E+02  0.4784E-01
  0.2170E+02  0.5462E-01
  0.2180E+02  0.6030E-01
  0.2190E+02  0.6476E-01
  0.2200E+02  0.6789E-01
  0.2211E+02  0.6963E-01
  0.2221E+02  0.6997E-01
  0.2231E+02  0.6889E-01
  0.2241E+02  0.6641E-01
  0.2251E+02  0.6261E-01
  0.2261E+02  0.5759E-01
  0.2271E+02  0.5146E-01
  0.2281E+02  0.4439E-01
  0.2291E+02  0.3652E-01
  0.2301E+02  0.2802E-01
  0.2311E+02  0.1908E-01
  0.2321E+02  0.9889E-02
  0.2331E+02  0.6190E-03
  0.2341E+02 -0.8538E-02
  0.2351E+02 -0.1741E-01
  0.2361E+02 -0.2583E-01
  0.2371E+02 -0.3365E-01
  0.2381E+02 -0.4072E-01
  0.2391E+02 -0.4692E-01
  0.2401E+02 -0.5214E-01
  0.2411E+02 -0.5629E-01
  0.2421E+02 -0.5929E-01
  0.2431E+02 -0.6111E-01
  0.2441E+02 -0.6169E-01
  0.2451E+02 -0.6106E-01
  0.2461E+02 -0.5922E-01
  0.2471E+02 -0.5620E-01
  0.2481E+02 -0.5207E-01
  0.2490E+02 -0.4747E-01
  0.2500E+02 -0.4147E-01
  0.2510E+02 -0.3465E-01
  0.2520E+02 -0.2713E-01
  0.2530E+02 -0.1906E-01
  0.2541E+02 -0.9715E-02
  0.2551E+02 -0.9771E-03
  0.2561E+02  0.7822E-02
  0.2571E+02  0.1651E-01
  0.2581E+02  0.2492E-01
  0.2591E+02  0.3288E-01
  0.2601E+02  0.4023E-01
  0.2611E+02  0.4681E-01
  0.2621E+02  0.5250E-01
  0.2631E+02  0.5715E-01
  0.2641E+02  0.6068E-01
  0.2650E+02  0.6283E-01
  0.2660E+02  0.6402E-01
  0.2670E+02  0.6391E-01
  0.2680E+02  0.6253E-01
  0.2690E+02  0.5988E-01
  0.2700E+02  0.5603E-01
  0.2710E+02  0.5108E-01
  0.2720E+02  0.4514E-01
  0.2730E+02  0.3833E-01
  0.2740E+02  0.3082E-01
  0.2750E+02  0.2274E-01
  0.2760E+02  0.1428E-01
  0.2770E+02  0.5618E-02
  0.2780E+02 -0.3082E-02
  0.2790E+02 -0.1163E-01
  0.2800E+02 -0.1987E-01
  0.2810E+02 -0.2764E-01
  0.2820E+02 -0.3478E-01
  0.2830E+02 -0.4116E-01
  0.2840E+02 -0.4666E-01
  0.2850E+02 -0.5118E-01
  0.2860E+02 -0.5462E-01
  0.2870E+02 -0.5693E-01
  0.2880E+02 -0.5806E-01
  0.2891E+02 -0.5800E-01
  0.2901E+02 -0.5675E-01
  0.2911E+02 -0.5434E-01
  0.2921E+02 -0.5081E-01
  0.2931E+02 -0.4626E-01
  0.2941E+02 -0.4076E-01
  0.2951E+02 -0.3444E-01
  0.2961E+02 -0.2742E-01
  0.2971E+02 -0.1984E-01
  0.2981E+02 -0.1185E-01
  0.2991E+02 -0.3608E-02
  0.3001E+02  0.4724E-02
  0.3011E+02  0.1297E-01
  0.3021E+02  0.2098E-01
  0.3031E+02  0.2859E-01
  0.3041E+02  0.3563E-01
  0.3051E+02  0.4197E-01
  0.3061E+02  0.4747E-01
  0.3071E+02  0.5202E-01
  0.3081E+02  0.5552E-01
  0.3091E+02  0.5790E-01
  0.3101E+02  0.5912E-01
  0.3111E+02  0.5914E-01
  0.3121E+02  0.5799E-01
  0.3130E+02  0.5595E-01
  0.3140E+02  0.5264E-01
  0.3150E+02  0.4831E-01
  0.3160E+02  0.4306E-01
  0.3170E+02  0.3702E-01
  0.3180E+02  0.3030E-01
  0.3190E+02  0.2306E-01
  0.3200E+02  0.1544E-01
  0.3210E+02  0.7614E-02
  0.3220E+02 -0.2759E-03
  0.3230E+02 -0.8068E-02
  0.3240E+02 -0.1561E-01
  0.3250E+02 -0.2277E-01
  0.3260E+02 -0.2941E-01
  0.3270E+02 -0.3540E-01
  0.3280E+02 -0.4064E-01
  0.3290E+02 -0.4503E-01
  0.3300E+02 -0.4849E-01
  0.3310E+02 -0.5096E-01
  0.3320E+02 -0.5240E-01
  0.3330E+02 -0.5278E-01
  0.3340E+02 -0.5210E-01
  0.3351E+02 -0.5037E-01
  0.3361E+02 -0.4763E-01
  0.3371E+02 -0.4393E-01
  0.3381E+02 -0.3935E-01
  0.3391E+02 -0.3398E-01
  0.3401E+02 -0.2792E-01
  0.3411E+02 -0.2129E-01
  0.3421E+02 -0.1421E-01
  0.3431E+02 -0.6823E-02
  0.3441E+02  0.7306E-03
  0.3451E+02  0.8302E-02
  0.3461E+02  0.1574E-01
  0.3471E+02  0.2290E-01
  0.3481E+02  0.2964E-01
  0.3491E+02  0.3582E-01
  0.3501E+02  0.4130E-01
  0.3511E+02  0.4598E-01
  0.3521E+02  0.4974E-01
  0.3531E+02  0.5252E-01
  0.3541E+02  0.5424E-01
  0.3551E+02  0.5488E-01
  0.3560E+02  0.5449E-01
  0.3570E+02  0.5303E-01
  0.3580E+02  0.5050E-01
  0.3590E+02  0.4696E-01
  0.3600E+02  0.4250E-01
  0.3610E+02  0.3723E-01
  0.3620E+02  0.3124E-01
  0.3630E+02  0.2468E-01
  0.3640E+02  0.1769E-01
  0.3650E+02  0.1041E-01
  0.3660E+02  0.2993E-02
  0.3670E+02 -0.4411E-02
  0.3680E+02 -0.1165E-01
  0.3690E+02 -0.1858E-01
  0.3700E+02 -0.2507E-01
  0.3710E+02 -0.3100E-01
  0.3720E+02 -0.3624E-01
  0.3730E+02 -0.4071E-01
  0.3740E+02 -0.4432E-01
  0.3750E+02 -0.4699E-01
  0.3761E+02 -0.4869E-01
  0.3771E+02 -0.4938E-01
  0.3781E+02 -0.4906E-01
  0.3791E+02 -0.4774E-01
  0.3801E+02 -0.4543E-01
  0.3811E+02 -0.4220E-01
  0.3821E+02 -0.3811E-01
  0.3831E+02 -0.3325E-01
  0.3841E+02 -0.2771E-01
  0.3851E+02 -0.2162E-01
  0.3861E+02 -0.1508E-01
  0.3871E+02 -0.8230E-02
  0.3881E+02 -0.1205E-02
  0.3891E+02  0.5857E-02
  0.3901E+02  0.1281E-01
  0.3911E+02  0.1953E-01
  0.3921E+02  0.2587E-01
  0.3930E+02  0.3114E-01
  0.3940E+02  0.3642E-01
  0.3950E+02  0.4097E-01
  0.3960E+02  0.4471E-01
  0.3970E+02  0.4756E-01
  0.3980E+02  0.4945E-01
  0.3990E+02  0.5036E-01
  0.4000E+02  0.5026E-01
  0.4010E+02  0.4916E-01
  0.4020E+02  0.4708E-01
  0.4031E+02  0.4407E-01
  0.4041E+02  0.4022E-01
  0.4051E+02  0.3560E-01
  0.4061E+02  0.3032E-01
  0.4071E+02  0.2449E-01
  0.4081E+02  0.1823E-01
  0.4091E+02  0.1168E-01
  0.4101E+02  0.4972E-02
  0.4111E+02 -0.1770E-02
  0.4121E+02 -0.8402E-02
  0.4131E+02 -0.1480E-01
  0.4141E+02 -0.2085E-01
  0.4151E+02 -0.2642E-01
  0.4161E+02 -0.3142E-01
  0.4171E+02 -0.3575E-01
  0.4181E+02 -0.3933E-01
  0.4191E+02 -0.4209E-01
  0.4201E+02 -0.4399E-01
  0.4211E+02 -0.4498E-01
  0.4220E+02 -0.4510E-01
  0.4230E+02 -0.4436E-01
  0.4240E+02 -0.4271E-01
  0.4250E+02 -0.4020E-01
  0.4260E+02 -0.3686E-01
  0.4270E+02 -0.3278E-01
  0.4280E+02 -0.2803E-01
  0.4290E+02 -0.2271E-01
  0.4300E+02 -0.1691E-01
  0.4310E+02 -0.1076E-01
  0.4320E+02 -0.4364E-02
  0.4330E+02  0.2139E-02
  0.4340E+02  0.8623E-02
  0.4350E+02  0.1496E-01
  0.4360E+02  0.2102E-01
  0.4370E+02  0.2669E-01
  0.4381E+02  0.3184E-01
  0.4391E+02  0.3637E-01
  0.4401E+02  0.4017E-01
  0.4411E+02  0.4319E-01
  0.4421E+02  0.4533E-01
  0.4431E+02  0.4657E-01
  0.4441E+02  0.4687E-01
  0.4451E+02  0.4623E-01
  0.4461E+02  0.4466E-01
  0.4470E+02  0.4248E-01
  0.4480E+02  0.3927E-01
  0.4490E+02  0.3529E-01
  0.4500E+02  0.3063E-01
  0.4510E+02  0.2541E-01
  0.4520E+02  0.1972E-01
  0.4530E+02  0.1369E-01
  0.4540E+02  0.7450E-02
  0.4550E+02  0.1123E-02
  0.4560E+02 -0.5159E-02
  0.4570E+02 -0.1127E-01
  0.4580E+02 -0.1709E-01
  0.4590E+02 -0.2251E-01
  0.4600E+02 -0.2743E-01
  0.4610E+02 -0.3174E-01
  0.4620E+02 -0.3537E-01
  0.4630E+02 -0.3825E-01
  0.4641E+02 -0.4033E-01
  0.4651E+02 -0.4157E-01
  0.4661E+02 -0.4195E-01
  0.4671E+02 -0.4147E-01
  0.4681E+02 -0.4014E-01
  0.4691E+02 -0.3798E-01
  0.4701E+02 -0.3505E-01
  0.4711E+02 -0.3140E-01
  0.4720E+02 -0.2757E-01
  0.4730E+02 -0.2279E-01
  0.4740E+02 -0.1754E-01
  0.4750E+02 -0.1193E-01
  0.4760E+02 -0.6070E-02
  0.4770E+02 -0.7831E-04
  0.4780E+02  0.5926E-02
  0.4790E+02  0.1183E-01
  0.4800E+02  0.1750E-01
  0.4810E+02  0.2284E-01
  0.4820E+02  0.2774E-01
  0.4830E+02  0.3209E-01
  0.4840E+02  0.3581E-01
  0.4850E+02  0.3882E-01
  0.4860E+02  0.4105E-01
  0.4870E+02  0.4248E-01
  0.4881E+02  0.4306E-01
  0.4891E+02  0.4277E-01
  0.4901E+02  0.4164E-01
  0.4911E+02  0.3969E-01
  0.4921E+02  0.3696E-01
  0.4931E+02  0.3351E-01
  0.4941E+02  0.2944E-01
  0.4951E+02  0.2481E-01
  0.4961E+02  0.1974E-01
  0.4971E+02  0.1432E-01
  0.4980E+02  0.9245E-02
  0.4990E+02  0.3488E-02
  0.5000E+02 -0.2280E-02
